0.000000000000000000e+00
0.000000000000000000e+00
1.018956895747367412e+03
4.825815185909345928e+02
2.738426218281834394e+02
1.746569839883054271e+02
1.208462065817438855e+02
8.874342504468864945e+01
6.812213767224179151e+01
5.414011870114745051e+01
4.422317751248888840e+01
3.691222237845119736e+01
3.140760290965030066e+01
2.712097075405836577e+01
2.369756525464445218e+01
2.093045676180486581e+01
1.867444261981722420e+01
1.681327707857762377e+01
1.524567857656796122e+01
1.392716807969438442e+01
1.278422043572853717e+01
1.179109202512656296e+01
1.092590139180680708e+01
1.016550876630052613e+01
9.494180809148534905e+00
8.897962118198377013e+00
8.364347081542934603e+00
7.886653704096919348e+00
7.456129690438970670e+00
7.066994762952245601e+00
6.713370594372389810e+00
6.390137577280220249e+00
6.095254578173106452e+00
5.825474119842912302e+00
5.577082808972789962e+00
5.347644926680593436e+00
5.134882262630501515e+00
4.937205913908639943e+00
4.754463911152972955e+00
4.585134125441882702e+00
4.426936353859900031e+00
4.279302566269776342e+00
4.140465638662410797e+00
4.010160837879131357e+00
3.887174279362255902e+00
3.772032066914934312e+00
3.663842905530360294e+00
3.561646338462795214e+00
3.464809096586531467e+00
3.373150892571373127e+00
3.286860567426020285e+00
3.205012821226234543e+00
3.127792875412143569e+00
3.054029967260238010e+00
2.983333529626087000e+00
2.915961472399683174e+00
2.852128534006893368e+00
2.791460645773760518e+00
2.733762690499181858e+00
2.678591142476042020e+00
2.625805951333521904e+00
2.575768802421099846e+00
2.527346629983612480e+00
2.480811324500429738e+00
2.436508848563280871e+00
2.393758781137877101e+00
2.352899661055048330e+00
2.313587515768133152e+00
2.276104457676471515e+00
2.240020081776157745e+00
2.205417615384571484e+00
2.172017548318828872e+00
2.139803590391457178e+00
2.108686337644173570e+00
2.078667453084100281e+00
2.049827997960934844e+00
2.022063443328518062e+00
1.995373023059368922e+00
1.969739328096186348e+00
1.944923097390031996e+00
1.920994852090762706e+00
1.897812593989249175e+00
1.875409559050474906e+00
1.853686979760256648e+00
1.832684813039432425e+00
1.812246634272482559e+00
1.792416209134175764e+00
1.773353656380877608e+00
1.754667254808653487e+00
1.736639914876165536e+00
1.719130204407206097e+00
1.702063536351291040e+00
1.685533653865715742e+00
1.669518686112675843e+00
1.653841084700240938e+00
1.638644483855674405e+00
1.623709382881847851e+00
1.609324585023112597e+00
1.595322267486304568e+00
1.581594512165362953e+00
1.568272553175543704e+00
1.555250485329218391e+00
1.542741146649711181e+00
1.530374239398679226e+00
1.518320014117282790e+00
1.506526044200446002e+00
1.495025795084453435e+00
1.483648037953022136e+00
1.472630293112901390e+00
1.461842339962257098e+00
1.451239441509564854e+00
1.440854791372806254e+00
1.430681668696468067e+00
1.420749727656470673e+00
1.410979561492277767e+00
1.401436974287627590e+00
1.392011179461309034e+00
1.382835351598795448e+00
1.373834180921366332e+00
1.364937168413747015e+00
1.356206909624857460e+00
1.347575341039784602e+00
1.339072002823131546e+00
1.330693850006168688e+00
1.322437933218165051e+00
1.314271760844641479e+00
1.306223131104376822e+00
1.298260615156897391e+00
1.290382914264394554e+00
1.282616579562401382e+00
1.274931667372559696e+00
1.267327075497009403e+00
1.259828741513456141e+00
1.252382543124181513e+00
1.245014897196434100e+00
1.237725211109677925e+00
1.230462775619029836e+00
1.223278520596359220e+00
1.216147431542334179e+00
1.209021890725975545e+00
1.201998815200341797e+00
1.194983168976172072e+00
1.188046068547177203e+00
1.181164011534018510e+00
1.174292393955348013e+00
1.167455166165074054e+00
1.160718463760309183e+00
1.153951749445360830e+00
1.147221927861636681e+00
1.140550585677108986e+00
1.133875720757012040e+00
1.127240158337716514e+00
1.120603882909567695e+00
1.114008093335613125e+00
1.107433203070803618e+00
1.100879913042419611e+00
1.094310765341158564e+00
1.087803081710519315e+00
1.081300249942444891e+00
1.074803499792559069e+00
1.068332116941425269e+00
1.061886537536487873e+00
1.055449490014499281e+00
1.049056913972315819e+00
1.042639513984870536e+00
1.036267638662054402e+00
1.029907259971457600e+00
1.023575859151541367e+00
1.017224329567443686e+00
1.010887092161094181e+00
1.004564855203213369e+00
9.982265509175054508e-01
9.918895991370438869e-01
9.855396153744430121e-01
9.792088566577713538e-01
9.728826579730470714e-01
9.665320766886870141e-01
9.601889205878962885e-01
9.538396873332911641e-01
9.474859582663526236e-01
9.411578991945522832e-01
9.348135096957310708e-01
9.284686709015113060e-01
9.221108570031744112e-01
9.157692185454917588e-01
9.094309650569054604e-01
9.030301721733348108e-01
8.966895862096535552e-01
8.903428796033451276e-01
8.839784871735842930e-01
8.776753594483962528e-01
8.713055257714112933e-01
8.649604228396300387e-01
8.586030821722633322e-01
8.522720706034487836e-01
8.459311135361785583e-01
8.395816648797445048e-01
8.332490543818179551e-01
8.269220595100218452e-01
8.206016285706408953e-01
8.142886703967465722e-01
8.079725342499017859e-01
8.016656475937041781e-01
7.953573846003553216e-01
7.890375313899170573e-01
7.827294278507190839e-01
7.764117331407608402e-01
7.701072848138948990e-01
7.637843663675021322e-01
7.574656371028490875e-01
7.511518352695997214e-01
7.448436701020488826e-01
7.385211506583768681e-01
7.322162293342576733e-01
7.259089520769080872e-01
7.196102502952496094e-01
7.133107376220146900e-01
7.070309690016199911e-01
7.007516438024992134e-01
6.944832204306649048e-01
6.882261789470208724e-01
6.819809794940477898e-01
6.757480630013791290e-01
6.695091644444102208e-01
6.633022292895931482e-01
6.570996103622974704e-01
6.509110187593902808e-01
6.447277878509535265e-01
6.385683684167740015e-01
6.324239837127099140e-01
6.262861556368403138e-01
6.201554042088297525e-01
6.140494988404079368e-01
6.079599183539657892e-01
6.018699386024604081e-01
5.958054775650799550e-01
5.897498548483658398e-01
5.837117691225726102e-01
5.776914206688051889e-01
5.716971363872944689e-01
5.657046852584813879e-01
5.597466512098635549e-01
5.538069236512588311e-01
5.478856568481778044e-01
5.419829962680761115e-01
5.360990788703370313e-01
5.302417147825668753e-01
5.244108389376269663e-01
5.185988248000795720e-01
5.128207779622537821e-01
5.070615666157440860e-01
5.013360459719586881e-01
4.956219834755263842e-01
4.899559418522421161e-01
4.843084797923823959e-01
4.786868158030091469e-01
4.730979400417012481e-01
4.675415818406891133e-01
4.620104879439946854e-01
4.565114842931405348e-01
4.510511828425702863e-01
4.456155114123910854e-01
4.402043658922842884e-01
4.348512518483378386e-01
4.295152725165303775e-01
4.242031001748902130e-01
4.189343474237050557e-01
4.136889010180865300e-01
4.084796092693949165e-01
4.032932307257038884e-01
3.981551814135247391e-01
3.930458025033078950e-01
3.879837162235610926e-01
3.829495584100314765e-01
3.779554916823356092e-01
3.729948733367136060e-01
3.680795608722533530e-01
3.631907598707211915e-01
3.583463131714936800e-01
3.535396510577315521e-01
3.487703159654479967e-01
3.440496374290329396e-01
3.393535285406323321e-01
3.347050311264225253e-01
3.300977041305220294e-01
3.255310056325563806e-01
3.209987164248722102e-01
3.165060775036229179e-01
3.120581796992558110e-01
3.076488296334909389e-01
3.032830591530763509e-01
2.989602638702934523e-01
2.946580283385031307e-01
2.904195597221860825e-01
2.862115496210543286e-01
2.820603774881408898e-01
2.779386166042104866e-01
2.738617568222189713e-01
2.698186783636445374e-01
2.658245684655773378e-01
2.618683624802642940e-01
2.579546831613756530e-01
2.540880154471826247e-01
2.502625838646759249e-01
2.464777921138920913e-01
2.427380550483785315e-01
2.390377305097823868e-01
2.353811892796341954e-01
2.317677797904625359e-01
2.282017342240350855e-01
2.246726469348168942e-01
2.211896136770996613e-01
2.177519342864020491e-01
2.143541717511047995e-01
2.110004591387397432e-01
2.076901310134180723e-01
2.044225333323648752e-01
2.011970232131489178e-01
1.980129687064551280e-01
1.948743208412903882e-01
1.917803834117685069e-01
1.887259565313654797e-01
1.857149389857373212e-01
1.827466687116539035e-01
1.798204948368281875e-01
1.769401827158257057e-01
1.740962657416116333e-01
1.712969093727862713e-01
1.685414259788743652e-01
1.658248405614756171e-01
1.631508393321938755e-01
1.605230152721544290e-01
1.579322050925600351e-01
1.553820491861742370e-01
1.528760968946560606e-01
1.504053688903720376e-01
1.479775819982628582e-01
1.455920714315322162e-01
1.432441100852711591e-01
1.409412258491497538e-01
1.386746633067282575e-01
1.364438713844019768e-01
1.342562656596665571e-01
1.321072185425669065e-01
1.300000707893084750e-01
1.279263519759250844e-01
1.258933325982841966e-01
1.238965172869317677e-01
1.219391956271652089e-01
1.200169364179564796e-01
1.181330040852480445e-01
1.162943652978481734e-01
1.144815400194297561e-01
1.127091015552021264e-01
1.109690084437177371e-01
1.092681686470903663e-01
1.076023150353010438e-01
1.059709241393824719e-01
1.043771125441515513e-01
1.028130902750975101e-01
1.012856021756338987e-01
9.979052675759900182e-02
9.833093387868072077e-02
9.690275839147716175e-02
9.550904716128420791e-02
9.414579015405746820e-02
9.281601132176489632e-02
9.151921042570888842e-02
9.024802095374058475e-02
8.901574430995727594e-02
8.781159200218792427e-02
8.663514987481481244e-02
8.548937408176851549e-02
8.437380955607069744e-02
8.328800844626706168e-02
8.222821979595697217e-02
8.120064774397037222e-02
8.020153742876907910e-02
7.922721066830609726e-02
7.828054601869703644e-02
7.736435965167237638e-02
7.647178592200809533e-02
7.560248048094771189e-02
7.476245138045295446e-02
7.395126595244033707e-02
7.315907617045670774e-02
7.239498206991555607e-02
7.165235288243199108e-02
7.093396914644471696e-02
7.023947623066269241e-02
6.956852492067119864e-02
6.892077132394451577e-02
6.829284711888108927e-02
6.769049347555008977e-02
6.710733774766863835e-02
6.654310186389213178e-02
6.600344962158402606e-02
6.547915999127454367e-02
6.497882969859265778e-02
6.449626034507816019e-02
6.403119511484589577e-02
6.358627858112277098e-02
6.316122931594889134e-02
6.275290548249112810e-02
6.236107847383264707e-02
6.198836154365471030e-02
6.162884174684559596e-02
6.128796364782233830e-02
6.096267351025219661e-02
6.065554258980426078e-02
6.036078169914863706e-02
6.008373823108505152e-02
5.981868323549847238e-02
5.956818654859330486e-02
5.932933455373644999e-02
5.910737934128556387e-02
5.889670930225662099e-02
5.869717455389746735e-02
5.851129232832535942e-02
5.833887905982089450e-02
5.817711425737456810e-02
5.802848433662326916e-02
5.789019874081688388e-02
5.775951882878579968e-02
5.763893717842166059e-02
5.753089920382960243e-02
5.743267224799723791e-02
5.734157406261806283e-02
5.726005588234850396e-02
5.718546272935174507e-02
5.712274367651767881e-02
5.706672885618064434e-02
5.701483848871567034e-02
5.697447477603502508e-02
5.693807015437506863e-02
5.690803899954118700e-02
5.688675139413208737e-02
5.687165695292704243e-02
5.686025137121670375e-02
5.685732460885368350e-02
5.685795818789109862e-02
5.686450571195383191e-02
5.687212718552599189e-02
5.688793425528289316e-02
5.690709943402687265e-02
5.692958480022679985e-02
5.695301186788492148e-02
5.698203663656106061e-02
5.701195091195414288e-02
5.704736999215071630e-02
5.708592805141714244e-02
5.712530187262692544e-02
5.716549253444412615e-02
5.721104096145580853e-02
5.725511094284383568e-02
5.729998415352122870e-02
5.735014216726805336e-02
5.739660871410850324e-02
5.744610517900814589e-02
5.749639406595413033e-02
5.754747752841564423e-02
5.759716621967153616e-02
5.764767253804845698e-02
5.769682569132553868e-02
5.774465541897568638e-02
5.779119102821464460e-02
5.783860611141471153e-02
5.788690162465738587e-02
5.793182556985522480e-02
5.797555044738934155e-02
5.802021203025522350e-02
5.805741260332288739e-02
5.809771174178814113e-02
5.813483702551013044e-02
5.817091351481332162e-02
5.820596641435871882e-02
5.823590926883832897e-02
5.826286517049451830e-02
5.828892200752263525e-02
5.831207301870570958e-02
5.833236641147928475e-02
5.834984973348310983e-02
5.836657471575894957e-02
5.837657312148480243e-02
5.838192845103369610e-02
5.838865051145530893e-02
5.839081861599586254e-02
5.838850082354803822e-02
5.838176430880034212e-02
5.837262327887772495e-02
5.836111937769261626e-02
5.834149744826751943e-02
5.832156555591500730e-02
5.829750700203744501e-02
5.826938421490385905e-02
5.823535781006992235e-02
5.819740494408964793e-02
5.815558554448081729e-02
5.810995877386068709e-02
5.806245372918707182e-02
5.800937922561710119e-02
5.794895844039643640e-02
5.788868376829184315e-02
5.782119999873373134e-02
5.774843739547513150e-02
5.767594912781454780e-02
5.759464626400636472e-02
5.751189257321919629e-02
5.742230108910145042e-02
5.732955928486477976e-02
5.723013343622609245e-02
5.712946487663504713e-02
5.702224842295344764e-02
5.691211186364829311e-02
5.679733728920434432e-02
5.667798988205535043e-02
5.655413397886466936e-02
5.642409025972843634e-02
5.629141374135179093e-02
5.615614611533924216e-02
5.601488291535815234e-02
5.586770426644236537e-02
5.571639888107698252e-02
5.556272834576499869e-02
5.540503428628749255e-02
5.523999341181799055e-02
5.507275168279175681e-02
5.490502258511031214e-02
5.473013857270515869e-02
5.455152097370593450e-02
5.436756443189866977e-02
5.418494885388640964e-02
5.399379387110755241e-02
5.379912561071875654e-02
5.360099413842332738e-02
5.339944881063071053e-02
5.319453828290657965e-02
5.298792605104003101e-02
5.277481279773067746e-02
5.256009172586369183e-02
5.234219324340390334e-02
5.211957088181146808e-02
5.189545864807266345e-02
5.166672283550208244e-02
5.143657273636954158e-02
5.120189672287463883e-02
5.096587966943200154e-02
5.072543181074578439e-02
5.048371389698282086e-02
5.023920355575425128e-02
4.999194060696497688e-02
4.974349785036928651e-02
4.949083430472068362e-02
4.923704578407749749e-02
4.898062958429835745e-02
4.872161711863255001e-02
4.846003937417068391e-02
4.819742861883786339e-02
4.793230256723159111e-02
4.766469106252932408e-02
4.739759488562286793e-02
4.712508985577623655e-02
4.685461197730624028e-02
4.658173280738235611e-02
4.630794521984426398e-02
4.603180200119396520e-02
4.575478506362401498e-02
4.547690624181671692e-02
4.519817718639389942e-02
4.491717028683819835e-02
4.463678003774351061e-02
4.435414438421369371e-02
4.407071327531268679e-02
4.378791648765616162e-02
4.350433560783826398e-02
4.321998108408105221e-02
4.293626754771644183e-02
4.265039157393522851e-02
4.236516701107869570e-02
4.208058924054731281e-02
4.179665363661533295e-02
4.150921466940506871e-02
4.122381256854045634e-02
4.093905747937263279e-02
4.065494459756856249e-02
4.037146910990271897e-02
4.008726932890255279e-02
3.980505876587794867e-02
3.952212341559428743e-02
3.923981521690932117e-02
3.895812923252184312e-02
3.867839453532490035e-02
3.839926314300161347e-02
3.812073014943327676e-02
3.784147004262507219e-02
3.756412350629118047e-02
3.728998405161783325e-02
3.701640566790445619e-02
3.674729251432026084e-02
3.647740602434409313e-02
3.620804882852925871e-02
3.594050559879652385e-02
3.567475567681450271e-02
3.540949645260407785e-02
3.514855147543827218e-02
3.488805547196027756e-02
3.463053817977640447e-02
3.437090791942201684e-02
3.411674500178270980e-02
3.386547921342952794e-02
3.361457377620128556e-02
3.336651768838010818e-02
3.312127918921995567e-02
3.287634668427408258e-02
3.263542127746145438e-02
3.239599588945897557e-02
3.215927986596805316e-02
3.192646683093140064e-02
3.169507460018032574e-02
3.146508519855800712e-02
3.124011755202502419e-02
3.101528559034160207e-02
3.079419707608043247e-02
3.057681170543667323e-02
3.036069605736268356e-02
3.014702651805628575e-02
2.993696443721908726e-02
2.973047096530528205e-02
2.952632607904328785e-02
2.932568081259745787e-02
2.912614928304387008e-02
2.893005723890027317e-02
2.873853435284648081e-02
2.854804397753526318e-02
2.836204993558028020e-02
2.817934972552304032e-02
2.799760379239431274e-02
2.782024411160232552e-02
2.764608028399771766e-02
2.747507798375293381e-02
2.730720326537617107e-02
2.714242256069689455e-02
2.697957203077767235e-02
2.682088365366541022e-02
2.666631443971486173e-02
2.651358154124256253e-02
2.636378036033268021e-02
2.621910602324172002e-02
2.607506764369520516e-02
2.593608075262913634e-02
2.579988861428256924e-02
2.566646154237715513e-02
2.553577101444362910e-02
2.540997483854599143e-02
2.528575661288443369e-02
2.516418526270394751e-02
2.504739963613244677e-02
2.493319396897150653e-02
2.482046555477772365e-02
2.471349055940783024e-02
2.460900437936842586e-02
2.450698163016850478e-02
2.440846061771685324e-02
2.431234669889546438e-02
2.421967238191808161e-02
2.412935005990948095e-02
2.404240648664467128e-02
2.395880855802339990e-02
2.387643470181224567e-02
2.379943636315661262e-02
2.372361001593991173e-02
2.365204774236804100e-02
2.358161276148575125e-02
2.351537919528708109e-02
2.345125520184349055e-02
2.339024224598045335e-02
2.333129024340365940e-02
2.327539514863164252e-02
2.322252732509019063e-02
2.317164658534934252e-02
2.312474862145954754e-02
2.307978594663728442e-02
2.303673900058327700e-02
2.299758659054510282e-02
2.295930365710847215e-02
2.292287336319911301e-02
2.288926745572695057e-02
2.285944639151967633e-02
2.283042101872883103e-02
2.280414559015451342e-02
2.277961502820874395e-02
2.275778803981627282e-02
2.273766574624032366e-02
2.272020170894339247e-02
2.270343552209910451e-02
2.269025376883305328e-02
2.267869934087134165e-02
2.266875627255982364e-02
2.266040881108582344e-02
2.265364141508185991e-02
2.264938991883441027e-02
2.264668311760955136e-02
2.264550863714839823e-02
2.264585478016477998e-02
2.264771001809766024e-02
2.265012525809425095e-02
2.265496741919278967e-02
2.266035263593855348e-02
2.266906734804521178e-02
2.267737634367122598e-02
2.268805848754703799e-02
2.269925158888176642e-02
2.271187255290121193e-02
2.272682806754956070e-02
2.274044342769298427e-02
2.275637861786840993e-02
2.277370708427510146e-02
2.279151260553831035e-02
2.280979328854302116e-02
2.282944890330976598e-02
2.284867200487168681e-02
2.287105481249558300e-02
2.289210276412528486e-02
2.291450415686600156e-02
2.293736093551728208e-02
2.296067170078994885e-02
2.298531940782817112e-02
2.300953172137467501e-02
2.303419413084799999e-02
2.305930542672359959e-02
2.308398979544252702e-02
2.311087004394471803e-02
2.313645126796968002e-02
2.316334917652703926e-02
2.318982534360377809e-02
2.321674862080475021e-02
2.324239710751504692e-02
2.326935818828668179e-02
2.329505650039097320e-02
2.332121194378715054e-02
2.334697235384731659e-02
2.337319253891688084e-02
2.339902492621997662e-02
2.342447539126002801e-02
2.345039183174391084e-02
2.347509366948305823e-02
2.349859343749445897e-02
2.352173888968853155e-02
2.354536876453457162e-02
2.356865114946364234e-02
2.359076299586273379e-02
2.361254326549908078e-02
2.363399916209235271e-02
2.365431610789688749e-02
2.367350806072137173e-02
2.369322430055747705e-02
2.371020336641497389e-02
2.372853886799205364e-02
2.374416871156358189e-02
2.376035568901295816e-02
2.377467935100311541e-02
2.378796418748298572e-02
2.380182886308991608e-02
2.381307109340091710e-02
2.382411212464618719e-02
2.383336551075685567e-02
2.384243902808227608e-02
2.384975435782845862e-02
2.385612046973040884e-02
2.386154973491627987e-02
2.386526822999913630e-02
2.386807837875349128e-02
2.386921008985018466e-02
2.386946145672549577e-02
2.386806618949753600e-02
2.386659416775966172e-02
2.386195461974800758e-02
2.385649323023628088e-02
2.385176153927566836e-02
2.384315006749775437e-02
2.383375825650559457e-02
2.382359705601406336e-02
2.381115278753981324e-02
2.379796848828372516e-02
2.378329636393104393e-02
2.376639623143054006e-02
2.374879902668804860e-02
2.372900971954819763e-02
2.370780054621610469e-02
2.368518713993511549e-02
2.366193189096858079e-02
2.363655441739987567e-02
2.360981869437384778e-02
2.358099846470475963e-02
2.355011418431999029e-02
2.351792366262975970e-02
2.348591280853227353e-02
2.345041563040659027e-02
2.341365895767829816e-02
2.337565681115822899e-02
2.333642305592187327e-02
2.329524481974101432e-02
2.325141618642513272e-02
2.320785291162252503e-02
2.316167264952656568e-02
2.311505707512792260e-02
2.306586082359337805e-02
2.301482290309269860e-02
2.296196098961258980e-02
2.290871708956486799e-02
2.285296644962938120e-02
2.279544022143356261e-02
2.273686235660500946e-02
2.267653912648706985e-02
2.261589420632337255e-02
2.255282820355643258e-02
2.248736253617375155e-02
2.242091518037500966e-02
2.235419356967131496e-02
2.228511826729499476e-02
2.221509650427580876e-02
2.214275539156350739e-02
2.206949504244165583e-02
2.199463722165556634e-02
2.191751023625323688e-02
2.184018854646952931e-02
2.176062696870247754e-02
2.167952647636990290e-02
2.159826123492669323e-02
2.151480050434112154e-02
2.143051652572651455e-02
2.134474313072301510e-02
2.125749396409537875e-02
2.116945435212665150e-02
2.107929236419178731e-02
2.098903188496765645e-02
2.089600828915261915e-02
2.080290579188729533e-02
2.070839995150835014e-02
2.061184116220138307e-02
2.051522873409094422e-02
2.041724737667385825e-02
2.031790935206252355e-02
2.021788278534663100e-02
2.011586612317417533e-02
2.001383457944430275e-02
1.991113928035212130e-02
1.980778725320221298e-02
1.970313714078560444e-02
1.959655359294774218e-02
1.949063343209679958e-02
1.938279891005354610e-02
1.927434833644119452e-02
1.916528607346384278e-02
1.905497719571258575e-02
1.894343040505205161e-02
1.883256300783162432e-02
1.871983114889926372e-02
1.860651425825738878e-02
1.849261625126453687e-02
1.837877130982887991e-02
1.826372108497387528e-02
1.814810109307848224e-02
1.803191498328065093e-02
1.791516633946921289e-02
1.779661253681265320e-02
1.768061709712459573e-02
1.756220027811759843e-02
1.744385339936480039e-02
1.732495810725942151e-02
1.720551762123149336e-02
1.708614962200559473e-02
1.696623986998372496e-02
1.684579141861655693e-02
1.672541757594582512e-02
1.660450817911839419e-02
1.648306612283665165e-02
1.636291268767796347e-02
1.624101440480165554e-02
1.611979586807413614e-02
1.599864952668765550e-02
1.587697329480169256e-02
1.575536910231138676e-02
1.563443340637239026e-02
1.551237087463454116e-02
1.539037856501369178e-02
1.526904882331669641e-02
1.514719093457584341e-02
1.502658101744579894e-02
1.490425998347979543e-02
1.478318105463325045e-02
1.466274741333306424e-02
1.454236754609826605e-02
1.442145520036512349e-02
1.430176264761448546e-02
1.418153435558480550e-02
1.406193404549978265e-02
1.394237676202578387e-02
1.382401716259418559e-02
1.370569218770398105e-02
1.358740023156144137e-02
1.347028807322305476e-02
1.335319931023996008e-02
1.323555928863116848e-02
1.312022142236041709e-02
1.300432153004828055e-02
1.288899654781661998e-02
1.277480666454963547e-02
1.266174164034933325e-02
1.254866281853928012e-02
1.243556753471340356e-02
1.232357668914441269e-02
1.221211974146821366e-02
1.209951250417190018e-02
1.199022451005812492e-02
1.188033319126463941e-02
1.177206239397432172e-02
1.166373546775597084e-02
1.155700978435102340e-02
1.145076812171592039e-02
1.134500462541038722e-02
1.124081278171482588e-02
1.113653433510872377e-02
1.103326170527660355e-02
1.093098570952314927e-02
1.083024214439469446e-02
1.072938726858562765e-02
1.063004683689512155e-02
1.053166706606537169e-02
1.043369892804383095e-02
1.033721530148566485e-02
1.024112823817804711e-02
1.014650612481366593e-02
1.005280139407907850e-02
9.960005616393565603e-03
9.868110436627460999e-03
9.777639751790365499e-03
9.687519864725133850e-03
9.598805870917097305e-03
9.511486328969840504e-03
9.424494571292810208e-03
9.338879149328993198e-03
9.254103461529130520e-03
9.171208385169949892e-03
9.089133190085174271e-03
9.007870299931195618e-03
8.927933203397983228e-03
8.848791279657272982e-03
8.769918384320457214e-03
8.693381340093467302e-03
8.617613287574241859e-03
8.543122638898311208e-03
8.469899057967706507e-03
8.397418920914783910e-03
8.326187589206997947e-03
8.255683763605992445e-03
8.186410823001187900e-03
8.118867959979144885e-03
8.051518100045207058e-03
7.986385774452927494e-03
7.921937281784500670e-03
7.858166265542835746e-03
7.796074072986420786e-03
7.735145455181936108e-03
7.675371172188258720e-03
7.616241389229289581e-03
7.558749467042474163e-03
7.501886098845189990e-03
7.446143098931697589e-03
7.392008252190905571e-03
7.338974259950125506e-03
7.286538014299868971e-03
7.235187579912795430e-03
7.184914548592573856e-03
7.136202087909721513e-03
7.088548477051791370e-03
7.041945593880444797e-03
6.996385407757493499e-03
6.951372505981221264e-03
6.908361459046718188e-03
6.865882088704108530e-03
6.824414198857122610e-03
6.783950209259250082e-03
6.744965157261455062e-03
6.706485600480263480e-03
6.669468306406198602e-03
6.632943924906845208e-03
6.597386859990192996e-03
6.563267710992735406e-03
6.530099910830082510e-03
6.497876574186991008e-03
6.466590897707908368e-03
6.436236159053638876e-03
6.406332851543647053e-03
6.377821091196916869e-03
6.350691541370619662e-03
6.323994916539152182e-03
6.298196798374869516e-03
6.273290929539653525e-03
6.249271126520351306e-03
6.226131278549845716e-03
6.203865537871741317e-03
6.182004477482918280e-03
6.161473084474673560e-03
6.141801315787545970e-03
6.123446171833276178e-03
6.105478858297879938e-03
6.087897594845439499e-03
6.069782834918651705e-03
6.053886291143948870e-03
6.038824145635405573e-03
6.024135890700852390e-03
6.010275240753201048e-03
5.997237967135974485e-03
5.985019891165472422e-03
5.972711687578691371e-03
5.961669738888629271e-03
5.951436512953011716e-03
5.941558079443912815e-03
5.932033136263673706e-03
5.923756758383099015e-03
5.915827847079068585e-03
5.908245203153847380e-03
5.901453205543954333e-03
5.895003421422370313e-03
5.888894741390181438e-03
5.884897881264852804e-03
5.879906826859157380e-03
5.875251995817767393e-03
5.871372760514971881e-03
5.867826065296410237e-03
5.863733634549838335e-03
5.861288726737219103e-03
5.858734929127213525e-03
5.857382283592824090e-03
5.855919035550086540e-03
5.854781331090985232e-03
5.853968367746606796e-03
5.853912135973881638e-03
5.854177437627759890e-03
5.853901318102345576e-03
5.854809157449243628e-03
5.855606921895087358e-03
5.856725036256633238e-03
5.858590647483104784e-03
5.859919661914004402e-03
5.861994889231330642e-03
5.864387897339983120e-03
5.866248971063088569e-03
5.868853618425389287e-03
5.871352950294707329e-03
5.874171107258781797e-03
5.877308314930253241e-03
5.879923890061314155e-03
5.882862486839721301e-03
5.885705544434854594e-03
5.888873978060822634e-03
5.892368168991415738e-03
5.896605072385545550e-03
5.900335353924508232e-03
5.903979108641578544e-03
5.907539056533867711e-03
5.911431344432583994e-03
5.914418335891825917e-03
5.918154918940710975e-03
5.921816871732558420e-03
5.924996491696788402e-03
5.928927442984351093e-03
5.932381291814165306e-03
5.935770969622144663e-03
5.939506325910339293e-03
5.942368046198765255e-03
5.945580506715060325e-03
5.949143930600868553e-03
5.951845753310203158e-03
5.954903459630687783e-03
5.957511701714855029e-03
5.960479139637977694e-03
5.962602104796092817e-03
5.964688444049045905e-03
5.967140242122754255e-03
5.968760429302622135e-03
5.970352291146481874e-03
5.971918038986049303e-03
5.973459854724074043e-03
5.974583783291594237e-03
5.975689511339046800e-03
5.976384472666634515e-03
5.976672896215970074e-03
5.976952171850573488e-03
5.976831796743298231e-03
5.976707640567602807e-03
5.976581614691348944e-03
5.975674933704391845e-03
5.973993723086414888e-03
5.973099687489817622e-03
5.971437535084071248e-03
5.969400741464296785e-03
5.967379906467133212e-03
5.964990605459612009e-03
5.962236570106729285e-03
5.959121513734112925e-03
5.956417177091087763e-03
5.952589976021607603e-03
5.948795579975371325e-03
5.944271767197927686e-03
5.939786661997150524e-03
5.934961250053290456e-03
5.929799070537132913e-03
5.923924464113312569e-03
5.918099878957445471e-03
5.911571094075319596e-03
5.905474856880056460e-03
5.898304681021833591e-03
5.890819432512841777e-03
5.883397438925130896e-03
5.875665467486409360e-03
5.867252934493459061e-03
5.858538044704629695e-03
5.849896286714601976e-03
5.840585207111599272e-03
5.830980880100071310e-03
5.821086261213991031e-03
5.810534500756239437e-03
5.800068662565435913e-03
5.788952706057765192e-03
5.777559187977134546e-03
5.765890860353824719e-03
5.753950435924757960e-03
5.741740588229677159e-03
5.728533550988953310e-03
5.715794011501365568e-03
5.702428920047119924e-03
5.688442719714068008e-03
5.674565063957844567e-03
5.660072485041132626e-03
5.645330644195524668e-03
5.630341894387962641e-03
5.615108550197201766e-03
5.599632887912236144e-03
5.583558321422556724e-03
5.567247131812006616e-03
5.550701476234342659e-03
5.533923474069462126e-03
5.516202566208573514e-03
5.498967322406909768e-03
5.481150783533741966e-03
5.463111235167364410e-03
5.444496762876262219e-03
5.426017559352009148e-03
5.406968406709236445e-03
5.388056858355714206e-03
5.368228163054386028e-03
5.348890223250525947e-03
5.328989952009007339e-03
5.308879795529715742e-03
5.288211814907807160e-03
5.267337175806027262e-03
5.246604600866424523e-03
5.225666063937230849e-03
5.203829349278649499e-03
5.182482783661615175e-03
5.160587528966800383e-03
5.138490971910852911e-03
5.116538096344683435e-03
5.094040711889209240e-03
5.071001336898433090e-03
5.048449714886968191e-03
5.025357524308087659e-03
5.002409697375633131e-03
4.979264472475767450e-03
4.955582400429109184e-03
4.932044846251963481e-03
4.908311737547008113e-03
4.884383648494513251e-03
4.860261133961135856e-03
4.835607529460959897e-03
4.811434955263715202e-03
4.786732310128083943e-03
4.762508253991231191e-03
4.737755087762512279e-03
4.713143678221252096e-03
4.688005196703956372e-03
4.663008214070515391e-03
4.637818796045359987e-03
4.612769448254441448e-03
4.587527344202173805e-03
4.562423851606607628e-03
4.537127248218474594e-03
4.511637901140779817e-03
4.486285483616491050e-03
4.460739920878723126e-03
4.435329767365326671e-03
4.409726043388353771e-03
4.384256191933832980e-03
4.358918892215396870e-03
4.333060780023178550e-03
4.307660234939220470e-03
4.282064432465681678e-03
4.256598070141802415e-03
4.230935972455399964e-03
4.205724963083840202e-03
4.179993273625623798e-03
4.154708926317942502e-03
4.129224988194828833e-03
4.103862326303599380e-03
4.078619038761572418e-03
4.053813340791954413e-03
4.028802598975903329e-03
4.003586524772811094e-03
3.978801879325511402e-03
3.953809224780130242e-03
3.929243232768610608e-03
3.904466586592518149e-03
3.880111879774714775e-03
3.855859816672268549e-03
3.831708586337947454e-03
3.807026643825134945e-03
3.783072721600528199e-03
3.758900420456064411e-03
3.735136167711854832e-03
3.711463852017024122e-03
3.687881729580654196e-03
3.664388068853297389e-03
3.640981150850539257e-03
3.617970044204243431e-03
3.595041268226563998e-03
3.572502910205218457e-03
3.549733278760072112e-03
3.527349750606805379e-03
3.504424425419894965e-03
3.482189707076667733e-03
3.460026485261049820e-03
3.438546690551271337e-03
3.416826996078396392e-03
3.396396167411315590e-03
3.375415122990304672e-03
3.354494877696514825e-03
3.333938229152634634e-03
3.313438441861582626e-03
3.292994068742026870e-03
3.273209313607224839e-03
3.253172857610232751e-03
3.233488461966094792e-03
3.214153305938925211e-03
3.195164596032226949e-03
3.176219174704451084e-03
3.157315747980475248e-03
3.138752472946443155e-03
3.120526660895099700e-03
3.102635651682228001e-03
3.084778794013559155e-03
3.067549834632498675e-03
3.050053493754499145e-03
3.032883072002477004e-03
3.016035908103840632e-03
2.999805000418884031e-03
2.983596020232194210e-03
2.967407807788880955e-03
2.951533449784549124e-03
2.935970434349771847e-03
2.920716280237316276e-03
2.905768536790329613e-03
2.891124783889034537e-03
2.876490731509008959e-03
2.862448282234110290e-03
2.848411765248374996e-03
2.834670778738704669e-03
2.821252056742393557e-03
2.808153219838103315e-03
2.795227343956430566e-03
2.782617139588452592e-03
2.770205019255014226e-03
2.757989264767743941e-03
2.746083119862172996e-03
2.734427001877084637e-03
2.722990360301977275e-03
2.711828648224735936e-03
2.700911324668868897e-03
2.690265073861629764e-03
2.679887963413363997e-03
2.669749667120986398e-03
2.659876815458010833e-03
2.650239223392142872e-03
2.640863484592745510e-03
2.631691309556528219e-03
2.622777586380769643e-03
2.614120563994426841e-03
2.605718516331232901e-03
2.597541672901874064e-03
2.589588487344244693e-03
2.581885419255407210e-03
2.574402900480687352e-03
2.567139455237935422e-03
2.560149336244971381e-03
2.553347426263453436e-03
2.546760213993360267e-03
2.540414038791263557e-03
2.534279728634792218e-03
2.528328304471228870e-03
2.522641364451144556e-03
2.517162308979452139e-03
2.511862648892072575e-03
2.506769081737656845e-03
2.501880727788005371e-03
2.497196726254604336e-03
2.492661548240042522e-03
2.488383827915121704e-03
2.484280729881243720e-03
2.480324374379895905e-03
2.476595772664407120e-03
2.473012643683437841e-03
2.469709973277867641e-03
2.466497305737555285e-03
2.463482485026423450e-03
2.460610890054053691e-03
2.457935963415610811e-03
2.455430170629734066e-03
2.453039309409400619e-03
2.450816748576944981e-03
2.448735247106329383e-03
2.446794468162305763e-03
2.445020775948080968e-03
2.443387097319383010e-03
2.441893140587710412e-03
2.440512063334592929e-03
2.439296772913182761e-03
2.438140959248977658e-03
2.437176972189156968e-03
2.436298727710812552e-03
2.435532620130187887e-03
2.434904896922642815e-03
2.434336512021148188e-03
2.433906388524463907e-03
2.433561947152314362e-03
2.433303271240638832e-03
2.433156583413827786e-03
2.433095777958033199e-03
2.433094914307596009e-03
2.433206254088338301e-03
2.433377859930418129e-03
2.433609982620494293e-03
2.433902879364894210e-03
2.434282671447129086e-03
2.434723692496985285e-03
2.435174653833228030e-03
2.435713292685998642e-03
2.436314071682642649e-03
2.436925943284732384e-03
2.437626310775444036e-03
2.438312988520803613e-03
2.439063335077214668e-03
2.439801426312282039e-03
2.440604719656325281e-03
2.441397579345631896e-03
2.442257231916454985e-03
2.443133626530870264e-03
2.444002336079105324e-03
2.444839078532720558e-03
2.445695474910898268e-03
2.446496763923557485e-03
2.447370054856835581e-03
2.448165149546040024e-03
2.448983780881826711e-03
2.449701470374143156e-03
2.450695099622286679e-03
2.451414529120387112e-03
2.452111503524600361e-03
2.453036296161224903e-03
2.453691148623280381e-03
2.454326682156338091e-03
2.454943924844686740e-03
2.455543895939436057e-03
2.456127605688585014e-03
2.456696055178981142e-03
2.457250236189536911e-03
2.457791131054959388e-03
2.458319712539229051e-03
2.458836943718021532e-03
2.459098516646795931e-03
2.459351346313071347e-03
2.459596363785443267e-03
2.459346094150147155e-03
2.459578945817992961e-03
2.459319730277288469e-03
2.459057729114142929e-03
2.458793817623297542e-03
2.458286419497575197e-03
2.458263712440809500e-03
2.457757472993242313e-03
2.457012018013883959e-03
2.456511306551247258e-03
2.455773700768651511e-03
2.455041392716001900e-03
2.454075154011333207e-03
2.453116459416341752e-03
2.452166069267287633e-03
2.450985748673505278e-03
2.449577260177690681e-03
2.448180651732098732e-03
2.446796633349464234e-03
2.445188303879030928e-03
2.443594760089341181e-03
2.441779862029751658e-03
2.439745413640538162e-03
2.437965743669183363e-03
2.435732800320685940e-03
2.433284944814028197e-03
2.431329709993202554e-03
2.428691150447660155e-03
2.426311366305922666e-03
2.423721514208827203e-03
2.420923263836589900e-03
2.417684662185059629e-03
2.414708154494204975e-03
2.411527486539726591e-03
2.408376871178962136e-03
2.404792326899341144e-03
2.401240317504412317e-03
2.397489769062999092e-03
2.393773511616968490e-03
2.389861090000514488e-03
2.385984647368611690e-03
2.381684010534687070e-03
2.377651628684542082e-03
2.373197929461515632e-03
2.368554655214983110e-03
2.364181284016822569e-03
2.359391089354843148e-03
2.354414788190113857e-03
2.349481796664612369e-03
2.344364704094130912e-03
2.339064803971341831e-03
2.334037632482627213e-03
2.328602100107980428e-03
2.322986891543073282e-03
2.317419406961642586e-03
2.311448161778399072e-03
2.305526387569675154e-03
2.299429061212059696e-03
2.293382253187599851e-03
2.287161532756265547e-03
2.280768005437272018e-03
2.274202758140411035e-03
2.267690544537252686e-03
2.260784735186526732e-03
2.254156491689135802e-03
2.246913944201573820e-03
2.239949744286788211e-03
2.232818741432345769e-03
2.225521902191212632e-03
2.218281674565735634e-03
2.210655448142093919e-03
2.203086695473744066e-03
2.195575201176173333e-03
2.187900422159933748e-03
2.180063029030767253e-03
2.171843965711051181e-03
2.163903013233129009e-03
2.155800773956351082e-03
2.147537866110287366e-03
2.139333406743267746e-03
2.130968879532083460e-03
2.122226951942438131e-03
2.113761938825014716e-03
2.104920654126079833e-03
2.096355608102934594e-03
2.087415376908859609e-03
2.078534241053081946e-03
2.069711832963272262e-03
2.060300242802384253e-03
2.051379488075723376e-03
2.042301642202125518e-03
2.033067185717809134e-03
2.023461913906884034e-03
2.014130315138185773e-03
2.004642909250579832e-03
1.995213946000311527e-03
1.985629478601505255e-03
1.976103163420065995e-03
1.966421618284642115e-03
1.956606522611399092e-03
1.946870561424038403e-03
1.937022317620487469e-03
1.927210267361434588e-03
1.917285970343898024e-03
1.907313001974020013e-03
1.897291308351028256e-03
1.887284026947775098e-03
1.877164614265027258e-03
1.867038300386107599e-03
1.856883860106761782e-03
1.846722082072978699e-03
1.836510863729763892e-03
1.826271012907031968e-03
1.816023221092987611e-03
1.805746382106605472e-03
1.795440310616355914e-03
1.785146388299934566e-03
1.774822740621076738e-03
1.764489901591385912e-03
1.754147545230802735e-03
1.743795168086851102e-03
1.733452868914900444e-03
1.723099395642921274e-03
1.712734197668822761e-03
1.702377288845894395e-03
1.692028035340310691e-03
1.681685803222725565e-03
1.671329475074501050e-03
1.661019868134301983e-03
1.650674469197572049e-03
1.640354015395729947e-03
1.630037418895431559e-03
1.619764746629904703e-03
1.609555530449260832e-03
1.599307427749516045e-03
1.589101047204234977e-03
1.578915364480632704e-03
1.568749679633571134e-03
1.558643672207028069e-03
1.548536003899489335e-03
1.538446199295486535e-03
1.528413789498739338e-03
1.518397768625984580e-03
1.508417514651952309e-03
1.498492304910832183e-03
1.488601309509177822e-03
1.478743786283036321e-03
1.468938949958755900e-03
1.459185991412173056e-03
1.449464208480477807e-03
1.439812629447512725e-03
1.430190691955400550e-03
1.420637334165645660e-03
1.411131907310785678e-03
1.401673643389559493e-03
1.392301270638628347e-03
1.382994163870319895e-03
1.373653036746365352e-03
1.364434799921585657e-03
1.355279493160284343e-03
1.346186321009968040e-03
1.337134905883001663e-03
1.328163677998968209e-03
1.319271793173557332e-03
1.310419386552509353e-03
1.301644764628533037e-03
1.292966577098037320e-03
1.284345064153612865e-03
1.275818335360712902e-03
1.267327344524295761e-03
1.258948838112160587e-03
1.250623778624666014e-03
1.242390012657947507e-03
1.234208038836881937e-03
1.226134891380125129e-03
1.218131115981826258e-03
1.210215114808723454e-03
1.202405202505115248e-03
1.194662106916244936e-03
1.186946763806175347e-03
1.179315903656202608e-03
1.171787787817599874e-03
1.164361522607261111e-03
1.157036225869222590e-03
1.149772986862044851e-03
1.142571091960416273e-03
1.135467781555202530e-03
1.128481166141045121e-03
1.121572501252107246e-03
1.114759944238592152e-03
1.108004941816683776e-03
1.101344548577831359e-03
1.094815638261478459e-03
1.088342084464466626e-03
1.081960831078970266e-03
1.075671130691784050e-03
1.069472246925505781e-03
1.063382162642873647e-03
1.057344038688563847e-03
1.051394635335196979e-03
1.045570534588677802e-03
1.039796457964637733e-03
1.034146237009694533e-03
1.028544803098366831e-03
1.023065821416864300e-03
1.017671472692488607e-03
1.012379625922896730e-03
1.007152646950902229e-03
1.002008449399980749e-03
9.969832917196836796e-04
9.920212376229768994e-04
9.871585438060073020e-04
9.823578612223079869e-04
9.776737101689512901e-04
9.730870978620393026e-04
9.685608451498141022e-04
9.641310311760140431e-04
9.597788326206019120e-04
9.555219690057459520e-04
9.513417006316040279e-04
9.472194569573266993e-04
9.432275469344258501e-04
9.392928887070817667e-04
9.354514153726696491e-04
9.316846350608412684e-04
9.279922178662274338e-04
9.243738433753326050e-04
9.208652352515525998e-04
9.174299677404285785e-04
9.140497761065095742e-04
9.107782953339882762e-04
9.075434056225583496e-04
9.044165991207121433e-04
9.013617193769442358e-04
8.983606578139468257e-04
8.954489214834480005e-04
8.926083969443151210e-04
8.898032719218304217e-04
8.871223329578874521e-04
8.844941712426072173e-04
8.819363855239182844e-04
8.794310789885669520e-04
8.770135081107662987e-04
8.746657695110544341e-04
8.723700542927309261e-04
8.701262684576334394e-04
8.679519241594145203e-04
8.658468760300450312e-04
8.638109853721420749e-04
8.617915158964066383e-04
8.598761010365804473e-04
8.580120166536464631e-04
8.562341536578623553e-04
8.544725434118542523e-04
8.527795580612800366e-04
8.511376932871292768e-04
8.495295348340894687e-04
8.480072138671996803e-04
8.465185548929968825e-04
8.450636057406997427e-04
8.436770193098711186e-04
8.423241655019756031e-04
8.410051033200191279e-04
8.397371326193856476e-04
8.385030392910298395e-04
8.373372832102043755e-04
8.362054604903171231e-04
8.351076449554534903e-04
8.340439127903136272e-04
8.330143707163723986e-04
8.320363324490476480e-04
8.310758449131459792e-04
8.301502728802630758e-04
8.292768992725270969e-04
8.284218971455889133e-04
8.275685932835843582e-04
8.267852385858547601e-04
8.260211207936701220e-04
8.252596281828883645e-04
8.245518590272375541e-04
8.238473458205461918e-04
8.231801973926166456e-04
8.225169744458473873e-04
8.218917033116001974e-04
8.212878301099424535e-04
8.206888808741446498e-04
8.201287579791913945e-04
8.195742196530519290e-04
8.190256345062841290e-04
8.185167806558990089e-04
8.180145327454861181e-04
8.175025892519617934e-04
8.170313092774557145e-04
8.165344306716614724e-04
8.160788550701785372e-04
8.156316477109458972e-04
8.151600302123514956e-04
8.147141134444502511e-04
8.142776611499526803e-04
8.138510209165444138e-04
8.134015623172815516e-04
8.129791500095750979e-04
8.125511677770160283e-04
8.121344403793525051e-04
8.117128922980359389e-04
8.112705228447955651e-04
8.108568889506834534e-04
8.104068514516335432e-04
8.099535701424311800e-04
8.095137336051637985e-04
8.090713626189069809e-04
8.086105513233543454e-04
8.081317218446195782e-04
8.076677639088064142e-04
8.071865427145765055e-04
8.066722698942793745e-04
8.061739432105560809e-04
8.056595292517604919e-04
8.051294233500885149e-04
8.045679077964144931e-04
8.040238001258396714e-04
8.034491962080497242e-04
8.028606726921440340e-04
8.022586788523312570e-04
8.016276308118312245e-04
8.010000393038236048e-04
8.003442998079905333e-04
7.996768646416633130e-04
7.989822001589541372e-04
7.982607746472996117e-04
7.975448800594957298e-04
7.967871700700974091e-04
7.960040265983942811e-04
7.951958908987698553e-04
7.943948794115583559e-04
7.935538408495127491e-04
7.926732508142042902e-04
7.917851492790075945e-04
7.908898870852139025e-04
7.899563096759671310e-04
7.890163253308353193e-04
7.880388382429768948e-04
7.870242801423439931e-04
7.859887515371610052e-04
7.849326147368886845e-04
7.838562247651618704e-04
7.827443074826560213e-04
7.816284652144338480e-04
7.804466338389603368e-04
7.792615725870713494e-04
7.780424464846564863e-04
7.768051527945330891e-04
7.755344818985521280e-04
7.742307847577298199e-04
7.729098834458056691e-04
7.715566007447232375e-04
7.701712663862245439e-04
7.687850529968858707e-04
7.673365412283328487e-04
7.659030940424667007e-04
7.644079953953498464e-04
7.628977095979695873e-04
7.613571362308742870e-04
7.597865578646777716e-04
7.581862506089358331e-04
7.565717682206980375e-04
7.549127885806741203e-04
7.532248704177986389e-04
7.515082647688980108e-04
7.497632079083851398e-04
7.480050923935148682e-04
7.462188678388038477e-04
7.444047099171532175e-04
7.425627887373884408e-04
7.407083967146035203e-04
7.388114201940472253e-04
7.368720645947144125e-04
7.349357586268922453e-04
7.329573652358854904e-04
7.309521158089521539e-04
7.289201431455603810e-04
7.268765828679706834e-04
7.248215065480870635e-04
7.227100589929189457e-04
7.205873256648647222e-04
7.184384232901944081e-04
7.162634546098383499e-04
7.140774238154850130e-04
7.118505943734131005e-04
7.096128503572126864e-04
7.073642248053966684e-04
7.050602286280142818e-04
7.027603260359829070e-04
7.004348745324802828e-04
6.980987279225063123e-04
6.957075789752204670e-04
6.933206063588575295e-04
6.909082829047505760e-04
6.884853778807649470e-04
6.860518838003082419e-04
6.835637198110337907e-04
6.810797111799089245e-04
6.785997882938312516e-04
6.760799564726669136e-04
6.735495338287915672e-04
6.710084880536266571e-04
6.684567829720517752e-04
6.658798036094445852e-04
6.632775551218672962e-04
6.606791238535340447e-04
6.580698838931272601e-04
6.554207607682946976e-04
6.527897694329986254e-04
6.501477964747911847e-04
6.474369313009631453e-04
6.447873100262849905e-04
6.420976150458650427e-04
6.393966969636128827e-04
6.366988779277194498e-04
6.340040161732250551e-04
6.313119037995184755e-04
6.285936160070509145e-04
6.258490211166556696e-04
6.231066214485012815e-04
6.203804890385592342e-04
6.176274869195507279e-04
6.148760187546855075e-04
6.121258517747542836e-04
6.093767525911353679e-04
6.066000410555505602e-04
6.038381994829655069e-04
6.010767545689737947e-04
5.983012956823513008e-04
5.955399563638277220e-04
5.927783106972220415e-04
5.900019955491321100e-04
5.872249381570119426e-04
5.844187091787178805e-04
5.816535839535493706e-04
5.789010574229668188e-04
5.761327494734511069e-04
5.734186604738734190e-04
5.706602300862042816e-04
5.679133939742235472e-04
5.651638910367246926e-04
5.624394486468380777e-04
5.596978740546116248e-04
5.569668828359110313e-04
5.542462115390848522e-04
5.515355987389613211e-04
5.488208860820438864e-04
5.461296296041255778e-04
5.434476601494477640e-04
5.407608714154209890e-04
5.380828968443304109e-04
5.354273118686371383e-04
5.327800172946967668e-04
5.301269765644911784e-04
5.275093293791889701e-04
5.248992207977940059e-04
5.222964153314472958e-04
5.197006800654451484e-04
5.171255034467910983e-04
5.145980209907917956e-04
5.120357398021246030e-04
5.095069423444770380e-04
5.069840013281542036e-04
5.044803446516949548e-04
5.019957140166555684e-04
4.994889974594332724e-04
4.970552241742616636e-04
4.945988024109639102e-04
4.921738376703385220e-04
4.897664213508680277e-04
4.873897906341726253e-04
4.850165454576285066e-04
4.826599442119150095e-04
4.803331903724844835e-04
4.780089813066773366e-04
4.757274804763373267e-04
4.734614067465012254e-04
4.711835982335859513e-04
4.689609940636373228e-04
4.667395441141903678e-04
4.645592130384080089e-04
4.623661163933833460e-04
4.602135516751066995e-04
4.580878195457378939e-04
4.559752818334360486e-04
4.538756871321879141e-04
4.518154110274268803e-04
4.497675300232897486e-04
4.477450878415578021e-04
4.457478066092898585e-04
4.437621578297286135e-04
4.418011552440822046e-04
4.398513071207533088e-04
4.379388201356752136e-04
4.360501972821351820e-04
4.341851867749882345e-04
4.323303708486388283e-04
4.305118617835950183e-04
4.287162369702934785e-04
4.269432629370404622e-04
4.251795961672054759e-04
4.234381550383216385e-04
4.217448939729352220e-04
4.200472227573142205e-04
4.183841923079814401e-04
4.167555559839761334e-04
4.151350086752528604e-04
4.135354140215650553e-04
4.119695853369174845e-04
4.104113144241302983e-04
4.088864145989982686e-04
4.073946681858406382e-04
4.059099634523457689e-04
4.044580457596068878e-04
4.030128672938600035e-04
4.016001326056676071e-04
4.002196699107787034e-04
3.988455534344517435e-04
3.975291779421690646e-04
3.961803270970804783e-04
3.948760995906044316e-04
3.936034820052223757e-04
3.923495190537161937e-04
3.911013133019068601e-04
3.898843867309628557e-04
3.886986102975863232e-04
3.875310983806342464e-04
3.863945170247301856e-04
3.852632810129922821e-04
3.841627976575483694e-04
3.830675421667275931e-04
3.820155697951175904e-04
3.809686951604739189e-04
3.799522332107316204e-04
3.789534331283384949e-04
3.779596000682374814e-04
3.770086074618457647e-04
3.760624840180981491e-04
3.751212246715119334e-04
3.742351824363627263e-04
3.733413221465322848e-04
3.724522489694772004e-04
3.716181675079302613e-04
3.707762466551275992e-04
3.699641075580119461e-04
3.691816858829060277e-04
3.684039243252179314e-04
3.676433261372502527e-04
3.668998732654730208e-04
3.661735500056213072e-04
3.654643429597236319e-04
3.647598076252946391e-04
3.640848146593054341e-04
3.634269111287230058e-04
3.627736975105246443e-04
3.621499740298811973e-04
3.615185936869365975e-04
3.609167046730135968e-04
3.603319284328108593e-04
3.597396079306742589e-04
3.591767827142623324e-04
3.586065061710205456e-04
3.580780389128570499e-04
3.575421952257912348e-04
3.570236019867730794e-04
3.565222860179450724e-04
3.560260735008032181e-04
3.555473134737690264e-04
3.550738701756950841e-04
3.546058647133232679e-04
3.541434194008201311e-04
3.537475607199225464e-04
3.532722087359894459e-04
3.528514633716179315e-04
3.524245856397259491e-04
3.520160023429210220e-04
3.516136863440874356e-04
3.512177670853499603e-04
3.508283747745519101e-04
3.504577219662952689e-04
3.500817646169154351e-04
3.497247858695131154e-04
3.493507470086110634e-04
3.490079849366297879e-04
3.486484780033678580e-04
3.483084576425037808e-04
3.479640289158343310e-04
3.476273460000820306e-04
3.473105144200498316e-04
3.469777525778179302e-04
3.466531617206364377e-04
3.463368750494458660e-04
3.460171020218380847e-04
3.457059225571199154e-04
3.454034685163784573e-04
3.450860965119504319e-04
3.447777597262398678e-04
3.444785878589981380e-04
3.441768583488885678e-04
3.438845743959971588e-04
3.435782077375576071e-04
3.432697711970294639e-04
3.429712286978438859e-04
3.426709115388326394e-04
3.423807572396052063e-04
3.420655815603448153e-04
3.417491227133255820e-04
3.414432781207870108e-04
3.411364307150158127e-04
3.408404510713848026e-04
3.405203235551066700e-04
3.401996597381022700e-04
3.398902895482419639e-04
3.395689714843401290e-04
3.392358807491492449e-04
3.389144994498552270e-04
3.385816856034295141e-04
3.382492782462622328e-04
3.379174515908030252e-04
3.375631685692036602e-04
3.372214470984731690e-04
3.368576756183732355e-04
3.365067979558622273e-04
3.361458254560117996e-04
3.357634060577495351e-04
3.353943727128070500e-04
3.350157986467857795e-04
3.346163588569854509e-04
3.342307757987516051e-04
3.338361841964342081e-04
3.334442423964073770e-04
3.330206932408429380e-04
3.326001465990519696e-04
3.321712968273357429e-04
3.317457468839215065e-04
3.313122088997889621e-04
3.308594377609004166e-04
3.303990288878214891e-04
3.299425300443462571e-04
3.294559355922931283e-04
3.289849289163001558e-04
3.285068870643767080e-04
3.279992742642251968e-04
3.275076316395473543e-04
3.269867548633969179e-04
3.264594717497982146e-04
3.259372200635060938e-04
3.253975291031446001e-04
3.248631185762393186e-04
3.243002919915104199e-04
3.237317525802253597e-04
3.231688694953025603e-04
3.225668059086536014e-04
3.219818860197096871e-04
3.213917423011867992e-04
3.207740925299975687e-04
3.201626788930369769e-04
3.195240476169743408e-04
3.189030355053104355e-04
3.182550609856435453e-04
3.176137236477464989e-04
3.169456896104831472e-04
3.162733649161114332e-04
3.155968425975487729e-04
3.149051121031851684e-04
3.141872018297370652e-04
3.134875701569352709e-04
3.127619515747483018e-04
3.120325957822266778e-04
3.112885229832589181e-04
3.105408657169171985e-04
3.097896853933305625e-04
3.090240260074900267e-04
3.082549794758870552e-04
3.074716056195040065e-04
3.066849694067657912e-04
3.058841464921757312e-04
3.050801750377512742e-04
3.042511958429847444e-04
3.034191923408996938e-04
3.025951309641831954e-04
3.017462574580632583e-04
3.008835753954070468e-04
3.000289413684994089e-04
2.991496885161591440e-04
2.982676579052448321e-04
2.973828714067230992e-04
2.964844926863030670e-04
2.955834157504577480e-04
2.946688205673446957e-04
2.937407511364236931e-04
2.928208773876685459e-04
2.918875690419895871e-04
2.909192769380327249e-04
2.899807962269784051e-04
2.890181729086903936e-04
2.880529937869710224e-04
2.870852571666900359e-04
2.860934763336530360e-04
2.851206328973465449e-04
2.841237739558203886e-04
2.831243737966137198e-04
2.821117213875036977e-04
2.811072157589960142e-04
2.800787723931244598e-04
2.790691164905632969e-04
2.780355315659997577e-04
2.769887098977638759e-04
2.759499407686706444e-04
2.749085434467256946e-04
2.738538764945663341e-04
2.727965553610590694e-04
2.717365549610490814e-04
2.706738489724582809e-04
2.696084098698484132e-04
2.685296338846331955e-04
2.674480469893724538e-04
2.663635789700911460e-04
2.652866970806387571e-04
2.641857141064909054e-04
2.630921723288697964e-04
2.619954596214758629e-04
2.608850030008891220e-04
2.597922224981630778e-04
2.586855467209747878e-04
2.575753973535923171e-04
2.564616969542419145e-04
2.553443674342872199e-04
2.542337690428636012e-04
2.531089347272961511e-04
2.520010719561883647e-04
2.508788131780661764e-04
2.497525067075317311e-04
2.486324610956013037e-04
2.474978054249048361e-04
2.463692274784839921e-04
2.452362552588888090e-04
2.441091569026993327e-04
2.429878204347101151e-04
2.418514714064563635e-04
2.407310203632195432e-04
2.395953906532194075e-04
2.384754344638887304e-04
2.373401333686738261e-04
2.362099988013035472e-04
2.350849188307414328e-04
2.339647817454503539e-04
2.328392222520257141e-04
2.317184022859956731e-04
2.305919763950759177e-04
2.294700880054544425e-04
2.283526271579594069e-04
2.272292784493871261e-04
2.261203544488948869e-04
2.250053444779471622e-04
2.239045242174559052e-04
2.227872545615481442e-04
2.216738030477317229e-04
2.205640642150641449e-04
2.194680729044694962e-04
2.183654369770227500e-04
2.172662025184508242e-04
2.161904899837862671e-04
2.151078367319428190e-04
2.140181711365990154e-04
2.129415838122229775e-04
2.118678516962491402e-04
2.107968499786555398e-04
2.097284550951751764e-04
2.086725903597573062e-04
2.076190705358896889e-04
2.065677759771192604e-04
2.055286060741661565e-04
2.044813991842825624e-04
2.034460658706720387e-04
2.024124742574788961e-04
2.013904922444120012e-04
2.003700093333281177e-04
1.993509156070272833e-04
1.983430556166946212e-04
1.973462947454590415e-04
1.963406305251758066e-04
1.953458373881025788e-04
1.943717015835180739e-04
1.933982526324471687e-04
1.924154927679701526e-04
1.914530181586253583e-04
1.905007975591925128e-04
1.895488376903138930e-04
1.885970448698148511e-04
1.876551795927952301e-04
1.867428112997965989e-04
1.858204310634331373e-04
1.848978039807677590e-04
1.839846605438918742e-04
1.830808891928584388e-04
1.821863799692887873e-04
1.812912349051616569e-04
1.804051548173482501e-04
1.795280345766461045e-04
1.786597706994470900e-04
1.778100152124986939e-04
1.769494064093707049e-04
1.761071073806000169e-04
1.752829946671142104e-04
1.744477917689633731e-04
1.736305868410287093e-04
1.728118606159477109e-04
1.720109332818197745e-04
1.712083245359652720e-04
1.704233228082286116e-04
1.696461520167613429e-04
1.688670731571652024e-04
1.680956796236266588e-04
1.673415315485903227e-04
1.665948955568324116e-04
1.658460752226058787e-04
1.651238618327464556e-04
1.643897159233458625e-04
1.636820017588450863e-04
1.629718401233849312e-04
1.622687697556943242e-04
1.615822966057460259e-04
1.608932122159265055e-04
1.602205870877659150e-04
1.595547946482691812e-04
1.588957795362698066e-04
1.582434883570568024e-04
1.575978696747024673e-04
1.569588740018394181e-04
1.563264537868554031e-04
1.557100551204112582e-04
1.550906422748126064e-04
1.544966229385349630e-04
1.538995076568856432e-04
1.532992839047217504e-04
1.527242880806014712e-04
1.521555534948754033e-04
1.515836153044643371e-04
1.510178914817735820e-04
1.504677677501597738e-04
1.499237842797787829e-04
1.493859149140180887e-04
1.488635248701284264e-04
1.483378029957848959e-04
1.478274989125962467e-04
1.473138380299186432e-04
1.468155391471758072e-04
1.463325596592933496e-04
1.458555188336365272e-04
1.453844017845139192e-04
1.449098720309028145e-04
1.444412564955606122e-04
1.439878498821601876e-04
1.435217233593352368e-04
1.430707860371951284e-04
1.426442859485466997e-04
1.422421660612766252e-04
1.418180467140683671e-04
1.413997661480061814e-04
1.409873196479656727e-04
1.405899433381724609e-04
1.401891458612239329e-04
1.397941731277606054e-04
1.394142389448110170e-04
1.390309073936612963e-04
1.386534215701250294e-04
1.382909964029528009e-04
1.379344493428209112e-04
1.375746310428804743e-04
1.372299246163244738e-04
1.368820153564011635e-04
1.365401047312794660e-04
1.362133622994050137e-04
1.358835236731472447e-04
1.355597675907010643e-04
1.352421230985778979e-04
1.349306197832805354e-04
1.346161859656391552e-04
1.342988764161582953e-04
1.339969178876673989e-04
1.337103180420543545e-04
1.334209456795111873e-04
1.331288576336548389e-04
1.328431649913533181e-04
1.325729474477286066e-04
1.323001399009956992e-04
1.320248012257043085e-04
1.317650346752578599e-04
1.314938104478920883e-04
1.312472370711777918e-04
1.309983095771434969e-04
1.307380989908668893e-04
1.304936379697656647e-04
1.302469923225575525e-04
1.300071913196357428e-04
1.297653155490661808e-04
1.295214283615532958e-04
1.292934797052469576e-04
1.290636159699883479e-04
1.288140464391806432e-04
1.285716415294167064e-04
1.283631781969539281e-04
1.281352031309327343e-04
1.279145170364819019e-04
1.277100502310770378e-04
1.275218212608033826e-04
1.273054833152013931e-04
1.270966324616607521e-04
1.268953103531542516e-04
1.266750087462839732e-04
1.264800493799152724e-04
1.262839235159344447e-04
1.260778681102991332e-04
1.258884270777541276e-04
1.256715629239060804e-04
1.254714419107836199e-04
1.252880987045145974e-04
1.250864130623279957e-04
1.248928527900323667e-04
1.246987000343206223e-04
1.244777350733184654e-04
1.242914099285576037e-04
1.241222080604365572e-04
1.239351867775229034e-04
1.237392006675368293e-04
1.235518008148978031e-04
1.233555954655603379e-04
1.231681032925706473e-04
1.229806657425516270e-04
1.227846532166489526e-04
1.225975357349800383e-04
1.224106738105234246e-04
1.222154567494359429e-04
1.220293059605333371e-04
1.218522611732540694e-04
1.216584023091351902e-04
1.214564792357316351e-04
1.212724867473014006e-04
1.210805458220437850e-04
1.208893579959411334e-04
1.206989781971924252e-04
1.205266768945808642e-04
1.203380585614714803e-04
1.201418126401921044e-04
1.199380116826843771e-04
1.197438848175291770e-04
1.195508867826940754e-04
1.193333724234841323e-04
1.191342381738123526e-04
1.189363863940654941e-04
1.187313193311337052e-04
1.185276373203495830e-04
1.183168554240533526e-04
1.181075576133014659e-04
1.179168109142424126e-04
1.177020831221143948e-04
1.174889745413495122e-04
1.172775238303678310e-04
1.170677689254349030e-04
1.168597470572436492e-04
1.166534947649457382e-04
1.164321232017011325e-04
1.162295313702430011e-04
1.159950228310947519e-04
1.157624811529697691e-04
1.155403750663957423e-04
1.153118650713315385e-04
1.150938454028958586e-04
1.148610917153825321e-04
1.146304896346527066e-04
1.143936733316806956e-04
1.141590862061855302e-04
1.139183751319969610e-04
1.136799676695684645e-04
1.134438927047922406e-04
1.132018159300639672e-04
1.129537857499221190e-04
1.127081978313115867e-04
1.124650774710133434e-04
1.122077807810737245e-04
1.119613545437348054e-04
1.117091598352056285e-04
1.114512389283264516e-04
1.111876329426863180e-04
1.109349798208447181e-04
1.106766922911368742e-04
1.104045228493952171e-04
1.101433628115112951e-04
1.098683920433624132e-04
1.096044574200123522e-04
1.093267779896630519e-04
1.090601562047629266e-04
1.087798501144154368e-04
1.085106177901596085e-04
1.082359855819317373e-04
1.079559788833772346e-04
1.076706216744990338e-04
1.073881452851239472e-04
1.071003483572422507e-04
1.068154456955382962e-04
1.065252469827958017e-04
1.062297693028027107e-04
1.059372028459616114e-04
1.056475415366490874e-04
1.053444565189619829e-04
1.050442881332527096e-04
1.047551738233050563e-04
1.044445210039017150e-04
1.041449131582535865e-04
1.038400634588362576e-04
1.035380983280130058e-04
1.032227765083892001e-04
1.029265486749839564e-04
1.026169589707850592e-04
1.023021215579618815e-04
1.019982010475480434e-04
1.016809081233016843e-04
1.013663974807987682e-04
1.010465713791805904e-04
1.007375365574889585e-04
1.004150824769838810e-04
1.000953084841225743e-04
9.977014226314790562e-05
9.945563589397574296e-05
9.913568409697251591e-05
9.880225409967028066e-05
9.847939032903987259e-05
9.815102728258506153e-05
9.782515081536022003e-05
9.750172754256467326e-05
9.717273800900648386e-05
9.684614847370048450e-05
9.651395296039672652e-05
9.618410482247433536e-05
9.584861160813961615e-05
9.552336711013779404e-05
9.518447934863615803e-05
9.484783593479483650e-05
9.452133864485957578e-05
9.418115511164759136e-05
9.384313418414836011e-05
9.351515863177531970e-05
9.317345539786816200e-05
9.284173557958748976e-05
9.249626543900418135e-05
9.216860522326653885e-05
9.181927784727979367e-05
9.148768622940529069e-05
9.115015526579340645e-05
9.081453588795232804e-05
9.048079746821948571e-05
9.014106007441669000e-05
8.980315497698181657e-05
8.947488754891166202e-05
8.913271752622855051e-05
8.880012262337674757e-05
8.846141772351257839e-05
8.812440086606476057e-05
8.778903985339190405e-05
8.745530217535205076e-05
8.712315499029875193e-05
8.678477986877588201e-05
8.645572009948043605e-05
8.612037762563678339e-05
8.578650116074337914e-05
8.544628508537197074e-05
8.512296070054764052e-05
8.479319979698376651e-05
8.446471332976171042e-05
8.413745210624970624e-05
8.381136667522588225e-05
8.347868531829087484e-05
8.316252426304981656e-05
8.283966735751995111e-05
8.251008324803905827e-05
8.219683136756753201e-05
8.187675177119014007e-05
8.155749743735972771e-05
8.124669644844268639e-05
8.092893604917645147e-05
8.061185088876697514e-05
8.029539139434765309e-05
7.997950831764196725e-05
7.966415280060296913e-05
7.935691745646880537e-05
7.905010103369619037e-05
7.874365626715041982e-05
7.843753654802470025e-05
7.813169598894062126e-05
7.783369967918953047e-05
7.752827683752179933e-05
7.723059836998571255e-05
7.692541993207805610e-05
7.663547553539445554e-05
7.633036997722352271e-05
7.604039453335184053e-05
7.574277251393177841e-05
7.545033951848327839e-05
7.516380267024487126e-05
7.487782865507449845e-05
7.459087396745265046e-05
7.430893820802765971e-05
7.402520032704692631e-05
7.374490216191502835e-05
7.346650297141595867e-05
7.318771686364869899e-05
7.291302255693724596e-05
7.264013489288338515e-05
7.236827612502285312e-05
7.209816986382036998e-05
7.183053848820344478e-05
7.156386008405544151e-05
7.130110108135239528e-05
7.103850105898396972e-05
7.077902509285194431e-05
7.052041106890266761e-05
7.026412797542361038e-05
7.001015266100906690e-05
6.975920623712169406e-05
6.950903649263539879e-05
6.926036823367484596e-05
6.901540790851610336e-05
6.877190855193688690e-05
6.853059290725968902e-05
6.829218172585325389e-05
6.805443624441389326e-05
6.782029646475062792e-05
6.758752583453524513e-05
6.735684541092028905e-05
6.712897399442971759e-05
6.690315522480308323e-05
6.667937093981924214e-05
6.645760294847968212e-05
6.623856768192746517e-05
6.602077686189663825e-05
6.580641434994912678e-05
6.559399223688692669e-05
6.538275949881017560e-05
6.517489440814556523e-05
6.496964338314836036e-05
6.476406320716562176e-05
6.456252021971349434e-05
6.436353113514960849e-05
6.416707502990321333e-05
6.397167436604193219e-05
6.377876719354552042e-05
6.358905989117920527e-05
6.340035033793504991e-05
6.321334754746618136e-05
6.302803305105500974e-05
6.284511356487451704e-05
6.266456960184084099e-05
6.248638212590760144e-05
6.230908630282257059e-05
6.213411280077292531e-05
6.196000030698410295e-05
6.178890005225014953e-05
6.161935282102183630e-05
6.145206576512380920e-05
6.128630519612498682e-05
6.112277906737929531e-05
6.096003825514218329e-05
6.079951151435740599e-05
6.064118926231962020e-05
