0.000000000000000000e+00
0.000000000000000000e+00
1.018953809390218680e+03
4.825784354317931957e+02
2.738395429199721320e+02
1.746539103728128737e+02
1.208431392869370313e+02
8.874036508208835983e+01
6.811908603437343857e+01
5.413707635907803706e+01
4.422014541346170091e+01
3.690920144362845434e+01
3.140459403197366228e+01
2.711797479623652052e+01
2.369458304727641362e+01
2.092748910164678477e+01
1.867149026819977564e+01
1.681034075998023525e+01
1.524275897735533292e+01
1.392426584701981440e+01
1.278133617660782839e+01
1.178822630568520502e+01
1.092305473670239557e+01
1.016268165832135573e+01
9.491373688988431923e+00
8.895175384406959651e+00
8.361581090649531589e+00
7.883908770905562413e+00
7.453406088490973858e+00
7.064292725152099273e+00
6.710690313771849880e+00
6.387479208014739562e+00
6.092618236544029564e+00
5.822859885538149705e+00
5.574490726418081188e+00
5.345075006512864491e+00
5.132334483284301641e+00
4.934680223306149749e+00
4.751960228487681626e+00
4.582652343045655385e+00
4.424476339142869641e+00
4.276864163722262191e+00
4.138048671907875509e+00
4.007765111767123578e+00
3.884799582090195269e+00
3.769678172167653329e+00
3.661509574626380381e+00
3.559333322496472274e+00
3.462516138555393752e+00
3.370877729478258367e+00
3.284606932345922825e+00
3.202778445328140489e+00
3.125577489926568475e+00
3.051833305383637729e+00
2.981155328353823464e+00
2.913801474279789083e+00
2.849986488807449536e+00
2.789336312057338230e+00
2.731655837098433182e+00
2.676501549865198726e+00
2.623733412891256389e+00
2.573713125580894712e+00
2.525307637268508820e+00
2.478788854439733846e+00
2.434502756489543618e+00
2.391768939863156085e+00
2.350925961426190813e+00
2.311629867101502978e+00
2.274162788073225361e+00
2.238094338319836396e+00
2.203507764223407772e+00
2.170123574635785424e+00
2.137925498265575541e+00
2.106824149807368318e+00
2.076821210578035704e+00
2.047997759699082820e+00
2.020249285568933129e+00
1.993575038794087817e+00
1.967957626363498802e+00
1.943157802516163546e+00
1.919246102867746551e+00
1.896080542795967494e+00
1.873694370923985053e+00
1.851988831424624227e+00
1.831003891899339209e+00
1.810583137378877439e+00
1.790770342129198056e+00
1.771725632429182351e+00
1.753057293522145788e+00
1.735048241238967393e+00
1.717557047707463314e+00
1.700509129126178687e+00
1.683998230865709100e+00
1.668002483290828453e+00
1.652344338231867882e+00
1.637167429193452373e+00
1.622252253850948955e+00
1.607887612960557489e+00
1.593905680428294946e+00
1.580198534085884177e+00
1.566897403279076340e+00
1.553896377399923479e+00
1.541408288458978371e+00
1.529062832172453312e+00
1.517030252064118123e+00
1.505258114100762823e+00
1.493779875941027679e+00
1.482424300702284814e+00
1.471428900396204886e+00
1.460663445955851847e+00
1.450083191811639916e+00
1.439721322945582527e+00
1.429571109860986455e+00
1.419662198137408682e+00
1.409915172509833337e+00
1.400395828693256961e+00
1.390993371913874288e+00
1.381840968777486189e+00
1.372863301771595879e+00
1.363989864422092246e+00
1.355283245119017099e+00
1.346675373509468088e+00
1.338195783257756233e+00
1.329841423245246901e+00
1.321609338310298254e+00
1.313467031411097885e+00
1.305442295703318045e+00
1.297503697644456278e+00
1.289649934148931587e+00
1.281907552348456880e+00
1.274246604891204004e+00
1.266665986219512430e+00
1.259191630845430510e+00
1.251769413677605636e+00
1.244425749037223472e+00
1.237160041978756952e+00
1.229921581125133612e+00
1.222761294379096864e+00
1.215654165404336462e+00
1.208552574733259943e+00
1.201553437750313647e+00
1.194561716832999165e+00
1.187648526844546026e+00
1.180790363745589655e+00
1.173942621833486522e+00
1.167129249648711786e+00
1.160416380853043883e+00
1.153673476065136372e+00
1.146967437663577893e+00
1.140319849851283429e+00
1.133668707803087372e+00
1.127056833818640857e+00
1.120444209186558737e+00
1.113872029286856025e+00
1.107320703796370376e+00
1.100790929558003395e+00
1.094245244263268191e+00
1.087760964935826191e+00
1.081281474323980696e+00
1.074807996815460909e+00
1.068359812400889730e+00
1.061937351220549886e+00
1.055523335394180862e+00
1.049153697901596960e+00
1.042759136412832355e+00
1.036409992359417220e+00
1.030072230273596068e+00
1.023763323719911300e+00
1.017434158171180325e+00
1.011119146480371267e+00
1.004818988655765022e+00
9.985026085095127790e-01
9.921874173394003016e-01
9.858590220251924885e-01
9.795496708913202788e-01
9.732446901765368086e-01
9.669151284857051554e-01
9.605927848495083854e-01
9.542641482161643429e-01
9.479307912775579714e-01
9.416228712824371572e-01
9.352983793660812895e-01
9.289731883580470972e-01
9.226347643112708941e-01
9.163122498178660758e-01
9.099928466598833365e-01
9.036106229521817523e-01
8.972883177313637493e-01
8.909595964151777459e-01
8.846128870755759488e-01
8.783271337780088617e-01
8.719743596984398382e-01
8.656459956694660951e-01
8.593050676556002188e-01
8.529901372505186430e-01
8.466649249336345440e-01
8.403308800083377772e-01
8.340133279330647076e-01
8.277010422001266354e-01
8.213949674500130582e-01
8.150960091535394136e-01
8.087935135061017355e-01
8.024999051924081028e-01
7.962045558829924374e-01
7.898972494622984453e-01
7.836013238369312628e-01
7.772954364240568514e-01
7.710024232638795771e-01
7.646905665530535634e-01
7.583825244903642515e-01
7.520790344062975308e-01
7.457808047842147126e-01
7.394678440845677825e-01
7.331721042436369906e-01
7.268736308730047169e-01
7.205833551555758110e-01
7.142918905940904839e-01
7.080197920860771266e-01
7.017477590240358554e-01
6.954862498977288920e-01
6.892357449011810022e-01
6.829967043500934087e-01
6.767695693792553646e-01
6.705360751941491504e-01
6.643341675104482702e-01
6.581361994173179353e-01
6.519518822866930963e-01
6.457725497729598363e-01
6.396166529486702057e-01
6.334754153713818559e-01
6.273403592515007787e-01
6.212120049345213335e-01
6.151081221755178019e-01
6.090201901628292669e-01
6.029314851440651379e-01
5.968679255288055208e-01
5.908128313976135360e-01
5.847749019470477316e-01
5.787543380461194209e-01
5.727594672544563670e-01
5.667660592937373565e-01
5.608066989252419310e-01
5.548652764960634309e-01
5.489419473235623848e-01
5.430368580527211719e-01
5.371501469571393628e-01
5.312896256261436800e-01
5.254552306123286831e-01
5.196393371681036211e-01
5.138570528513531910e-01
5.080932480059300316e-01
5.023627801905098389e-01
4.966434193995374891e-01
4.909717311178679044e-01
4.853182770098714571e-01
4.796902787765598419e-01
4.740947299931275172e-01
4.685313636358407474e-01
4.629929303208460412e-01
4.574862600904434640e-01
4.520179692279518435e-01
4.465739901087751318e-01
4.411542234015240482e-01
4.357921796709620654e-01
4.304469673665307639e-01
4.251252641885124861e-01
4.198466883612476108e-01
4.145911324577604695e-01
4.093714507923588708e-01
4.041744080914481119e-01
3.990254267248517506e-01
3.939048543602330366e-01
3.888313198655354297e-01
3.837854658459755597e-01
3.787794618080617681e-01
3.738066720394030429e-01
3.688789611217485609e-01
3.639775417974875360e-01
3.591202641311971866e-01
3.543005656824734784e-01
3.495179962017876951e-01
3.447838925630215545e-01
3.400741752101648641e-01
3.354118933213002807e-01
3.307906131806951922e-01
3.262098001850911588e-01
3.216632424102556786e-01
3.171561880920806265e-01
3.126937352478144638e-01
3.082696976245670184e-01
3.038891141254139727e-01
2.995513873431115415e-01
2.952341087297352673e-01
2.909804922617206246e-01
2.867572362598911351e-01
2.825907268043846288e-01
2.784535437068190733e-01
2.743611832534114114e-01
2.703025320008548005e-01
2.662927834238138503e-01
2.623208790157020576e-01
2.583914475769671926e-01
2.545089800010285619e-01
2.506677066818443489e-01
2.468670371023178045e-01
2.431113918194136025e-01
2.393951343039015800e-01
2.357226408977304566e-01
2.320932655310972981e-01
2.285112458269299984e-01
2.249661815308021673e-01
2.214671737446537447e-01
2.180135276148429668e-01
2.145998114104152865e-01
2.112301634559333452e-01
2.079039235552802012e-01
2.046204428943292630e-01
2.013790838140044615e-01
1.981792195885097863e-01
1.950248064755596145e-01
1.919151535076981108e-01
1.888450660505473777e-01
1.858184481590298975e-01
1.828346430590774285e-01
1.798930051895714088e-01
1.769973052396706659e-01
1.741380819610608699e-01
1.713235061951610960e-01
1.685528957176434528e-01
1.658212809580697500e-01
1.631323535755673237e-01
1.604897120153628287e-01
1.578841984656413899e-01
1.553194588046425684e-01
1.527990478629450144e-01
1.503139917996007824e-01
1.478720129177353015e-01
1.454724518934245592e-01
1.431105870620123510e-01
1.407939517230510362e-01
1.385137958314752726e-01
1.362695736380811762e-01
1.340687059890599275e-01
1.319065704985128429e-01
1.297865130529914646e-01
1.277000682760232875e-01
1.256545116189698441e-01
1.236453525667858822e-01
1.216758854491335889e-01
1.197416836905367821e-01
1.178460162151618862e-01
1.159958540545098782e-01
1.141717213915819235e-01
1.123881956001411275e-01
1.106372391295827595e-01
1.089257636887351471e-01
1.072495057243092742e-01
1.056079451688251986e-01
1.040042018287158504e-01
1.024304887672431025e-01
1.008935536784562326e-01
9.938927773509187436e-02
9.792073326410358214e-02
9.648385739453546606e-02
9.508169907483181305e-02
9.371025016102266236e-02
9.237253630299076257e-02
9.106805876938149635e-02
8.978945236705672406e-02
8.855001963365612128e-02
8.733897302854068401e-02
8.615589916963019290e-02
8.500375481093236374e-02
8.388208531709555327e-02
8.279044310528137218e-02
8.172507733051427581e-02
8.069219209200803600e-02
7.968803234399374213e-02
7.870891958222765716e-02
7.775773190947847524e-02
7.683728491990690634e-02
7.594071227347951036e-02
7.506766881637458311e-02
7.422416169216312920e-02
7.340975722786936830e-02
7.261460630231318658e-02
7.184780777280672104e-02
7.110272961569780170e-02
7.038215104290450330e-02
6.968571603093896838e-02
6.901307391271883918e-02
6.836387928738062170e-02
6.773476227368302460e-02
6.713146243466419638e-02
6.654760547305307861e-02
6.598291162550155853e-02
6.544304295879346811e-02
6.491877667623374704e-02
6.441870770100084631e-02
6.393663579787248197e-02
6.347230228030439902e-02
6.302834981689559024e-02
6.260449504054683978e-02
6.219759413978234036e-02
6.180741649612176564e-02
6.143657331294716251e-02
6.107914955393110162e-02
6.074058764884576050e-02
6.041783168047711039e-02
6.011345067431390909e-02
5.982165316027030638e-02
5.954778419236696207e-02
5.928611242211236088e-02
5.903920522408109134e-02
5.880414645306476090e-02
5.858618560021765925e-02
5.837970838309608501e-02
5.818456216770313827e-02
5.800326135373989889e-02
5.783561945869753612e-02
5.767881298742694868e-02
5.753532526136097974e-02
5.740236253706520325e-02
5.727718289212110903e-02
5.716227552688357694e-02
5.706008238029820073e-02
5.696786722164646349e-02
5.688294412987694726e-02
5.680776056781708383e-02
5.673965768713171154e-02
5.668358059242546015e-02
5.663435535131559201e-02
5.658939802485644238e-02
5.655610656333380504e-02
5.652690906181227076e-02
5.650421546859221017e-02
5.649039135608331652e-02
5.648288175026004720e-02
5.647917768345842027e-02
5.648406438326594031e-02
5.649261857534538384e-02
5.650718900830765945e-02
5.652293077878449423e-02
5.654695057879546155e-02
5.657441592593222268e-02
5.660528386932244665e-02
5.663717086605866285e-02
5.667472783788209817e-02
5.671324149848212121e-02
5.675732204648059609e-02
5.680459855593814750e-02
5.685274271543425822e-02
5.690175052180412862e-02
5.695615783668729615e-02
5.700912341144299955e-02
5.706292391432290362e-02
5.712203594940432061e-02
5.717747831949517717e-02
5.723596753006271465e-02
5.729526125822331090e-02
5.735535688776888935e-02
5.741406036369783861e-02
5.747357944127765017e-02
5.753173875388235825e-02
5.758856353826556640e-02
5.764407867323378953e-02
5.770045339927398070e-02
5.775768439891024869e-02
5.781151548022291781e-02
5.786411503048397020e-02
5.791761479091072501e-02
5.796361309615716273e-02
5.801266565263480529e-02
5.805849625237707867e-02
5.810322624804581393e-02
5.814687721570797191e-02
5.818535914916142526e-02
5.822079166583857268e-02
5.825525925337458194e-02
5.828675182221873530e-02
5.831531432151791650e-02
5.834099110836023228e-02
5.836583078857041085e-02
5.838386206297917214e-02
5.839716542998717175e-02
5.841174775255329743e-02
5.842168545525434215e-02
5.842704376133756039e-02
5.842788706056542547e-02
5.842622682367153847e-02
5.842210200467366082e-02
5.840975480132899050e-02
5.839699067664042009e-02
5.837999037119613599e-02
5.835881379271803254e-02
5.833161907550066250e-02
5.830038093340202121e-02
5.826515688935900855e-02
5.822600373935147428e-02
5.818484825175509328e-02
5.813799695159756892e-02
5.808367076513047678e-02
5.802935987622639957e-02
5.796770690476216181e-02
5.790063998778605114e-02
5.783371021250582195e-02
5.775782661170748844e-02
5.768035096795026684e-02
5.759589437957881447e-02
5.750814243844454277e-02
5.741355959565480616e-02
5.731758541975471438e-02
5.721491302548370461e-02
5.710916856514336448e-02
5.699863256225645020e-02
5.688336870478968160e-02
5.676343991074362522e-02
5.663716552065579252e-02
5.650809929404013859e-02
5.637628175087722182e-02
5.623830734188709629e-02
5.609425520082700345e-02
5.594591314342926835e-02
5.579504195665708349e-02
5.563998256646707913e-02
5.547741108421901796e-02
5.531247297661348594e-02
5.514688134172134742e-02
5.497396835311278707e-02
5.479715516731848562e-02
5.461483636629683308e-02
5.443369190531093665e-02
5.424384157536366047e-02
5.405031177419368504e-02
5.385315294891090954e-02
5.365241494765753127e-02
5.344814702725670524e-02
5.324201339318018755e-02
5.302921554484481270e-02
5.281464760721518020e-02
5.259674101375459709e-02
5.237395042264025857e-02
5.214951106635101058e-02
5.192029055980058871e-02
5.168949961008755672e-02
5.145402809440478148e-02
5.121706247909150328e-02
5.097551467432863415e-02
5.073254718580865602e-02
5.048663947311327754e-02
5.023783326088122198e-02
4.998770332262846700e-02
4.973321071613216043e-02
4.947745335596356181e-02
4.921893069622698680e-02
4.895767636243218701e-02
4.869372360428756569e-02
4.842860699911701733e-02
4.816084661422262436e-02
4.789047468543652930e-02
4.762049442303636221e-02
4.734498410933667134e-02
4.707138224246960878e-02
4.679526290146389378e-02
4.651812150753095038e-02
4.623851341772405171e-02
4.595792313583886568e-02
4.567636510729503746e-02
4.539385361088155157e-02
4.510896368018794955e-02
4.482459246857778412e-02
4.453788059352111611e-02
4.425028068918414326e-02
4.396322522935985910e-02
4.367529850942511449e-02
4.338651369770182842e-02
4.309828815682086728e-02
4.280782120451066819e-02
4.251792944307179745e-02
4.222861101959705238e-02
4.193986408620978268e-02
4.164754590355717462e-02
4.135719950506040049e-02
4.106743785379637218e-02
4.077825897778337289e-02
4.048966091149195506e-02
4.020028483121299706e-02
3.991284712879446944e-02
3.962463669698820107e-02
3.933700839070893018e-02
3.904996020733628170e-02
3.876482417353591114e-02
3.848025528022214203e-02
3.819625161421719844e-02
3.791149067629869668e-02
3.762861618276507752e-02
3.734892469702640744e-02
3.706977327991126808e-02
3.679506918091905721e-02
3.651957694197899978e-02
3.624460231935276722e-02
3.597143312688060729e-02
3.570005186312864842e-02
3.542915908857407342e-02
3.516258153490127436e-02
3.489645712133501027e-02
3.463331878627219640e-02
3.436807805711687008e-02
3.410831845540845952e-02
3.385147297971139585e-02
3.359500806260973249e-02
3.334141590916466641e-02
3.309066795860763494e-02
3.284025580672881445e-02
3.259388373491575730e-02
3.234904782544452406e-02
3.210696056658798175e-02
3.186881870263367361e-02
3.163214314430841390e-02
3.139691898267227277e-02
3.116676817800531976e-02
3.093680765929865753e-02
3.071064815012042662e-02
3.048825226633999214e-02
3.026718946225369009e-02
3.004863895215640485e-02
2.983376486379021517e-02
2.962253107290422835e-02
2.941372022622082069e-02
2.920848597018749562e-02
2.900444497419881959e-02
2.880392547703820166e-02
2.860805957768387114e-02
2.841331298938616981e-02
2.822315182810800765e-02
2.803637581713481000e-02
2.785064755647205514e-02
2.766940110576392164e-02
2.749144807858306880e-02
2.731675608972764652e-02
2.714529306184281301e-02
2.697702722219950250e-02
2.681079645457976751e-02
2.664883438717511113e-02
2.649109960822262563e-02
2.633531077612848159e-02
2.618256472789000019e-02
2.603505795425259742e-02
2.588830086388322835e-02
2.574671021410045169e-02
2.560803042805506746e-02
2.547223291208334031e-02
2.533929017127943203e-02
2.521136097752369951e-02
2.508512983043386865e-02
2.496166649565196780e-02
2.484311060207694891e-02
2.472725710805234733e-02
2.461300397283367261e-02
2.450462797249572042e-02
2.439886505960829274e-02
2.429569035286684858e-02
2.419614260970915504e-02
2.409912758803890720e-02
2.400567814765626473e-02
2.391470698482248830e-02
2.382724110889071142e-02
2.374324762457195523e-02
2.366060512236361005e-02
2.358346516463865131e-02
2.350762429747028232e-02
2.343617463056820241e-02
2.336597936603285186e-02
2.330011256459037575e-02
2.323648227873385472e-02
2.317608982330437994e-02
2.311788491941725240e-02
2.306286328209509670e-02
2.301099498996923842e-02
2.296123952503709154e-02
2.291559220243985159e-02
2.287200511151934318e-02
2.283045822044632925e-02
2.279292981654185146e-02
2.275639427128629128e-02
2.272183412850864101e-02
2.269022046519886260e-02
2.266251301660160769e-02
2.263572185678582732e-02
2.261180041114782199e-02
2.258974272057900565e-02
2.257050655560852853e-02
2.255309204551892571e-02
2.253845170355568001e-02
2.252462401885663851e-02
2.251449441218902198e-02
2.250610455518151087e-02
2.249943720402292416e-02
2.249447526946679946e-02
2.249120181532820312e-02
2.249055122270181631e-02
2.249155077541817316e-02
2.249418652979517236e-02
2.249844516152050070e-02
2.250431345791971752e-02
2.251084058558721138e-02
2.251989166734931491e-02
2.252958098679243640e-02
2.254269307896658928e-02
2.255549077483157833e-02
2.257075093067788946e-02
2.258660929744672752e-02
2.260398067379571982e-02
2.262376959443666499e-02
2.264229915607671520e-02
2.266322710199895202e-02
2.268562459597183931e-02
2.270857309500831991e-02
2.273206834726348990e-02
2.275700772903343008e-02
2.278158136880461052e-02
2.280937902868674858e-02
2.283590366109711917e-02
2.286384105150505650e-02
2.289229060923397494e-02
2.292124837794620729e-02
2.295159473642196732e-02
2.298155475596086114e-02
2.301201131766538246e-02
2.304296059098949120e-02
2.307352413076730127e-02
2.310632210381119434e-02
2.313785695921470251e-02
2.317074175475581505e-02
2.320323541046161522e-02
2.323620412302546470e-02
2.326792333766058637e-02
2.330097778708889109e-02
2.333278946060319756e-02
2.336507561545126538e-02
2.339698145088033379e-02
2.342935914692055588e-02
2.346135851141719839e-02
2.349298281046257805e-02
2.352507734325804192e-02
2.355595894486173236e-02
2.358563757404829112e-02
2.361495842367131170e-02
2.364475768492376936e-02
2.367420091226124512e-02
2.370246253884741514e-02
2.373037902336673152e-02
2.375795508192838495e-02
2.378437366493055954e-02
2.380964627431953612e-02
2.383541975042223482e-02
2.385843020895741032e-02
2.388276885286155782e-02
2.390437119831989587e-02
2.392649766393554686e-02
2.394672544403984860e-02
2.396587668934726731e-02
2.398556774252236928e-02
2.400259401461841968e-02
2.401937446500722328e-02
2.403432037867817353e-02
2.404903728124714243e-02
2.406194462173177548e-02
2.407384915661035102e-02
2.408476106312588613e-02
2.409390424387449631e-02
2.410207896903775182e-02
2.410851301473452418e-02
2.411400236356952761e-02
2.411777863729213517e-02
2.412140965039520635e-02
2.412180259015035688e-02
2.412130112543128466e-02
2.412145480644122680e-02
2.411765219105960548e-02
2.411299078632998111e-02
2.410747963674653160e-02
2.409960318913520819e-02
2.409090263776756530e-02
2.408062837842735518e-02
2.406803845248549692e-02
2.405466205591289680e-02
2.403900245559855570e-02
2.402183022311834767e-02
2.400315936676376133e-02
2.398375069287176156e-02
2.396212227796310282e-02
2.393903659930525854e-02
2.391376594681825229e-02
2.388632936978565477e-02
2.385748331845454623e-02
2.382871239122712551e-02
2.379634933579029277e-02
2.376261977176214249e-02
2.372753656205005626e-02
2.369111246668297033e-02
2.365263356212431861e-02
2.361139293541903925e-02
2.357030540072067859e-02
2.352648772664066995e-02
2.348212075905777366e-02
2.343505836096617528e-02
2.338603882568191308e-02
2.333507917194552889e-02
2.328362080672767218e-02
2.322953843517816183e-02
2.317356272532094391e-02
2.311641720303265687e-02
2.305740777159638252e-02
2.299795779563887019e-02
2.293596762909906606e-02
2.287145849316460713e-02
2.280584822345360294e-02
2.273984416855672971e-02
2.267136686182261510e-02
2.260182355874720828e-02
2.252984144835218361e-02
2.245682077480261329e-02
2.238208348569242084e-02
2.230495812200214770e-02
2.222751942806519554e-02
2.214772255359732239e-02
2.206626885358351289e-02
2.198453292230851883e-02
2.190048449483525395e-02
2.181549633263309834e-02
2.172890283195643910e-02
2.164071824544476497e-02
2.155162854952915111e-02
2.146030250503428924e-02
2.136876472843675379e-02
2.127435136565709872e-02
2.117974744158107950e-02
2.108362936194531356e-02
2.098534840515638156e-02
2.088690480158405041e-02
2.078698421623680764e-02
2.068559990128808479e-02
2.058342100576271774e-02
2.047914703348534954e-02
2.037475428818337139e-02
2.026959501798449373e-02
2.016367740372491599e-02
2.005636127286172452e-02
1.994701249061555867e-02
1.983822912509092262e-02
1.972743470377310085e-02
1.961592884159727226e-02
1.950371723543558797e-02
1.939016632363792236e-02
1.927528620067548923e-02
1.916099559412775405e-02
1.904475209848665446e-02
1.892783662161338573e-02
1.881025458474720399e-02
1.869264170350805332e-02
1.857374119026884360e-02
1.845419015019542433e-02
1.833399384843878085e-02
1.821315751190008894e-02
1.809044018551309030e-02
1.797020708733963745e-02
1.784748019752611589e-02
1.772475258393667319e-02
1.760140766674997415e-02
1.747745046427567200e-02
1.735350048077167334e-02
1.722894532434370365e-02
1.710378991978844104e-02
1.697864946956112453e-02
1.685291572766666954e-02
1.672659352743807726e-02
1.660150610913409264e-02
1.647462198387433102e-02
1.634836774494265524e-02
1.622213785953478815e-02
1.609533227748005668e-02
1.596855498104296500e-02
1.584240449543553725e-02
1.571508757099492060e-02
1.558780336185778929e-02
1.546114632244924118e-02
1.533392785764534604e-02
1.520792621596554241e-02
1.508018444761511506e-02
1.495365792072944969e-02
1.482775197016220244e-02
1.470187723980693334e-02
1.457544963810935949e-02
1.445022359987223684e-02
1.432444575714047173e-02
1.419928199509952298e-02
1.407414952070670106e-02
1.395020515069442073e-02
1.382628798056498298e-02
1.370239855393769711e-02
1.357968579241825881e-02
1.345699542799250366e-02
1.333375493177515331e-02
1.321281983229181424e-02
1.309132805102882283e-02
1.297041861415092374e-02
1.285065378667346082e-02
1.273202538986923510e-02
1.261339681226576921e-02
1.249476741773142968e-02
1.237726011696623114e-02
1.226030636131473367e-02
1.214222393542922426e-02
1.202748432395636495e-02
1.191216688982607054e-02
1.179849738827762166e-02
1.168480105556269841e-02
1.157273712713954329e-02
1.146119022116676503e-02
1.135015629938562927e-02
1.124073063977219095e-02
1.113125675358930984e-02
1.102282880200282714e-02
1.091543931814117907e-02
1.080962578839311100e-02
1.070374613501926669e-02
1.059942774984042220e-02
1.049611845983045022e-02
1.039327082015368241e-02
1.029195926545986746e-02
1.019109737611523930e-02
1.009175503979420178e-02
9.993386162394243821e-03
9.895983759606817240e-03
9.799540893470461492e-03
9.704582849893811369e-03
9.610037292181905499e-03
9.516960647672869852e-03
9.425342778034076149e-03
9.334118289761118500e-03
9.244336979206005042e-03
9.155463460339545098e-03
9.068539796344064069e-03
8.982506413104170140e-03
8.897356860216670826e-03
8.813605721929655343e-03
8.730723442302577506e-03
8.648184910859682550e-03
8.568057952924441195e-03
8.488776680081040055e-03
8.410850443469277890e-03
8.334269813649161987e-03
8.258512040687986805e-03
8.184083326877530234e-03
8.110463180296394181e-03
8.038155753239609527e-03
7.967660977378889300e-03
7.897442482572276587e-03
7.829525469281124750e-03
7.762376869740074750e-03
7.695990925143408705e-03
7.631369544081504502e-03
7.567998002205172936e-03
7.505867547034255835e-03
7.444468793770725457e-03
7.384795515305914680e-03
7.325838778866749189e-03
7.268090734316373820e-03
7.212039463401968657e-03
7.157177925357402493e-03
7.103003231018123996e-03
7.050003624463566793e-03
6.998170837424857495e-03
6.947988137816740219e-03
6.898953865522728345e-03
6.851059919427439186e-03
6.804298250259414177e-03
6.758173387086724784e-03
6.714139802679783796e-03
6.670727181715815565e-03
6.628415151867579624e-03
6.587195917733661317e-03
6.547544262863989883e-03
6.508486452748900829e-03
6.470978924790967389e-03
6.434051961212883253e-03
6.398179561265802430e-03
6.363831882901183068e-03
6.330521881542244128e-03
6.298242158830052312e-03
6.266985363403310139e-03
6.236744190575287117e-03
6.207038517624993007e-03
6.178807811513076925e-03
6.152042054219099623e-03
6.125791247240048969e-03
6.100520228408671218e-03
6.076221966437954543e-03
6.052889474521959585e-03
6.030515810031928867e-03
6.009094265562822147e-03
5.988154527461726079e-03
5.968620669956163464e-03
5.950021711694679534e-03
5.932813690150640085e-03
5.916066824200741717e-03
5.899778323595525863e-03
5.883027609515748511e-03
5.868565340720438041e-03
5.855006624578979087e-03
5.841889858489024076e-03
5.829667642481758082e-03
5.818334614722289223e-03
5.807885445206543117e-03
5.797409639842968435e-03
5.788262395420100057e-03
5.779984977765635114e-03
5.772122238784352724e-03
5.764671643420364588e-03
5.758527019019947339e-03
5.752786005072618725e-03
5.747446126913444836e-03
5.742950474795328192e-03
5.738849314436167935e-03
5.735140222638237389e-03
5.733592589488399963e-03
5.731099063534766773e-03
5.728988714008493785e-03
5.727699554095988868e-03
5.726787158546370153e-03
5.725371872101111745e-03
5.725645563880301520e-03
5.725850422466612251e-03
5.727295082053890894e-03
5.728666371738368700e-03
5.730399013007768209e-03
5.732490770866382687e-03
5.735372195691525350e-03
5.738606642085089353e-03
5.741329701405633971e-03
5.745265293290992455e-03
5.749117917594991078e-03
5.753316527238181571e-03
5.758286792203585330e-03
5.762743137266891288e-03
5.767966886441031060e-03
5.773528118369774913e-03
5.778575625557714340e-03
5.784383421210226132e-03
5.790101119453718373e-03
5.796151362813456616e-03
5.802532878141660952e-03
5.808403483376987052e-03
5.814606334506576026e-03
5.820721373798598899e-03
5.827168021571343427e-03
5.833945166932549484e-03
5.841468276346310252e-03
5.848486531027420783e-03
5.855418546542058393e-03
5.862265569202948848e-03
5.869442278733278534e-03
5.875709578957456422e-03
5.882720906361403601e-03
5.889650596553918857e-03
5.896089514232453685e-03
5.903269901441853505e-03
5.909961913731121182e-03
5.916577084107465904e-03
5.923523876682700376e-03
5.929581605412299894e-03
5.935973289559853296e-03
5.942697810663561710e-03
5.948541278677839383e-03
5.954719869718758628e-03
5.960426944798530649e-03
5.966469891063545285e-03
5.971643785847862915e-03
5.976755241445357893e-03
5.982205128113141611e-03
5.986795182336963721e-03
5.991327517085686186e-03
5.995803192822901813e-03
6.000223262782021678e-03
6.004192665868613062e-03
6.008110005763326114e-03
6.011581656730514804e-03
6.014610811954541024e-03
6.017593849631460573e-03
6.020139279634454353e-03
6.022642008950441876e-03
6.025103011087211413e-03
6.026742587783146671e-03
6.027565976827030207e-03
6.029134020463847859e-03
6.029890589834289473e-03
6.030228348952125332e-03
6.030537111564035664e-03
6.030431692459222066e-03
6.029915088236225892e-03
6.028990302645115262e-03
6.028428392312187682e-03
6.026695114356535841e-03
6.024945504832701117e-03
6.022416733840152761e-03
6.019876342698841920e-03
6.016944759159988977e-03
6.013624989418434735e-03
6.009540866005447755e-03
6.005454353692364806e-03
6.000610772694984357e-03
5.996146436136178329e-03
5.990554447762812436e-03
5.984593287960956152e-03
5.978640922848314603e-03
5.972323782270004718e-03
5.965270969118334141e-03
5.957860398638823059e-03
5.950467293726348882e-03
5.942348959012068617e-03
5.933881250424522490e-03
5.925066928850220363e-03
5.915538973529221346e-03
5.906040300786961732e-03
5.895834746049544162e-03
5.885294765575442566e-03
5.874423034403203521e-03
5.863222211767486758e-03
5.851694941196991170e-03
5.839113449898922746e-03
5.826942442167318270e-03
5.814088908799293007e-03
5.800557356935890155e-03
5.787077527636889755e-03
5.772926064333406930e-03
5.758468763000199574e-03
5.743708134928244939e-03
5.728646676601386462e-03
5.713286869787545519e-03
5.697272357412727639e-03
5.680965673128110169e-03
5.664369250146785058e-03
5.647485507347674120e-03
5.629604208493462804e-03
5.612154269499844590e-03
5.594069100584540821e-03
5.575707379742623690e-03
5.556717607888273652e-03
5.537810415827556197e-03
5.518281046376738268e-03
5.498837536028453737e-03
5.478425638786987156e-03
5.458453784245403256e-03
5.437869434249212666e-03
5.417025605114433179e-03
5.395574949066762015e-03
5.373869243569202869e-03
5.352257843365740980e-03
5.330393374317302091e-03
5.307584292194279796e-03
5.285219614340398719e-03
5.262261211816038516e-03
5.239057198648950676e-03
5.215953303638254900e-03
5.192262098478337036e-03
5.167986880193788796e-03
5.144158187023880995e-03
5.119748507644105925e-03
5.095443599419658721e-03
5.070902540238396948e-03
5.045786734185471988e-03
5.020778412709973881e-03
4.995538382415649382e-03
4.970068108448434489e-03
4.944369047999525903e-03
4.918105449660340953e-03
4.892290356925883474e-03
4.865913601326047472e-03
4.839984784517515487e-03
4.813497157485652905e-03
4.787122544857712325e-03
4.760193083013983077e-03
4.733378314487676243e-03
4.706345282750603112e-03
4.679427476706523974e-03
4.652293058137166142e-03
4.625274387519976577e-03
4.598040739343852920e-03
4.570593480940041663e-03
4.543263288796139422e-03
4.515721093947836808e-03
4.488296458750407579e-03
4.460661413120432274e-03
4.433144410923009135e-03
4.405745143127748342e-03
4.377811257774564396e-03
4.350322146820005155e-03
4.322625997909806950e-03
4.295048520152888738e-03
4.267265548701784650e-03
4.239924916673550384e-03
4.212055863571304883e-03
4.184627417700765260e-03
4.156993650035270722e-03
4.129476429145892413e-03
4.102074851977447617e-03
4.075108129608098588e-03
4.047934621228397277e-03
4.020555027390583167e-03
3.993607094543692032e-03
3.966452366083019453e-03
3.939726490560869002e-03
3.912793123596110256e-03
3.886285826148117538e-03
3.859886264847519222e-03
3.833593585570221809e-03
3.806777194448760816e-03
3.780696768984642079e-03
3.754406848652521583e-03
3.728534792787495736e-03
3.702765415062035312e-03
3.677097889384460441e-03
3.651531394239283541e-03
3.626065112660876652e-03
3.601009006926125539e-03
3.576050481251418379e-03
3.551498498712737928e-03
3.526732234219371199e-03
3.502369920887531563e-03
3.477484504506818570e-03
3.453309224382005490e-03
3.429225794529664438e-03
3.405846958354836595e-03
3.382250189895660234e-03
3.359965043292710476e-03
3.337153212806356559e-03
3.314426475970721261e-03
3.292088379480812097e-03
3.269832922920989492e-03
3.247659379894948795e-03
3.226172660105091922e-03
3.204462135405715655e-03
3.183132242142018651e-03
3.162180818764217562e-03
3.141605714656444271e-03
3.121104398503745173e-03
3.100676185569133537e-03
3.080619824869314065e-03
3.060933202017379444e-03
3.041614213294139505e-03
3.022362745668431307e-03
3.003773065737647043e-03
2.984950394935107724e-03
2.966488516259358811e-03
2.948385231786542198e-03
2.930933984036068925e-03
2.913540869121575110e-03
2.896205132669218713e-03
2.879220247212336582e-03
2.862584067103208021e-03
2.846294457650053351e-03
2.830349295057205897e-03
2.814746466365655644e-03
2.799191969026537316e-03
2.784267973450047992e-03
2.769389057053404674e-03
2.754845046738872445e-03
2.740662885835013461e-03
2.726840384898793299e-03
2.713230790653635080e-03
2.699976965340671747e-03
2.686961454344795157e-03
2.674182653625235308e-03
2.661753902529775517e-03
2.649615695665435977e-03
2.637737541646152650e-03
2.626174934748239532e-03
2.614897357461636821e-03
2.603931499976937756e-03
2.593275418587234239e-03
2.582898758716405379e-03
2.572828105635046377e-03
2.563033212503838462e-03
2.553540594805575430e-03
2.544291868693108940e-03
2.535341811981554894e-03
2.526688547594193538e-03
2.518330207945369738e-03
2.510236865716738638e-03
2.502406802605245274e-03
2.494866291345943995e-03
2.487585562184659559e-03
2.480562923178223061e-03
2.473852396490097173e-03
2.467368620094537515e-03
2.461137823823506335e-03
2.455186074229630949e-03
2.449483912687859012e-03
2.444002059874061678e-03
2.438821800121950337e-03
2.433886206591197830e-03
2.429166449555581093e-03
2.424688872791287090e-03
2.420452229689799319e-03
2.416455279573629950e-03
2.412642100744552889e-03
2.409120921756129161e-03
2.405808488871082236e-03
2.402676491366398381e-03
2.399805497002372497e-03
2.397112768806143168e-03
2.394732824372449321e-03
2.392474727529184803e-03
2.390445829677235491e-03
2.388591005183853585e-03
2.386963180252380055e-03
2.385534292298929770e-03
2.384249599371968033e-03
2.383161919226817888e-03
2.382243448538996777e-03
2.381493277126754422e-03
2.380937184995062742e-03
2.380547504159530314e-03
2.380323337673496964e-03
2.380237227680514524e-03
2.380341456168835138e-03
2.380529078039868556e-03
2.380931798740201777e-03
2.381442880767427415e-03
2.382088056191780916e-03
2.382892901803072491e-03
2.383777692750397529e-03
2.384820665605357024e-03
2.385968547185570322e-03
2.387220719930948417e-03
2.388602698968939671e-03
2.390087664892037635e-03
2.391648957658735856e-03
2.393338114060746587e-03
2.395102466968156932e-03
2.396941532921237177e-03
2.398854830839468582e-03
2.400867740129981713e-03
2.402953849411453707e-03
2.405061122314293681e-03
2.407266546161953690e-03
2.409543831915893046e-03
2.411841179070693241e-03
2.414235237097295175e-03
2.416623066156634980e-03
2.419081270654934671e-03
2.421533172806507837e-03
2.424055477320373811e-03
2.426571797070690029e-03
2.429158609008998451e-03
2.431765114898484185e-03
2.434366142814001384e-03
2.436936668881453053e-03
2.439527575618084809e-03
2.442063366936796879e-03
2.444670421379472030e-03
2.447197814423996906e-03
2.449746557310376709e-03
2.452191454910233881e-03
2.454908677487877867e-03
2.457347379782198662e-03
2.459758606535696491e-03
2.462391937249980289e-03
2.464748926015486626e-03
2.467079513116513315e-03
2.469384052423019300e-03
2.471662895911268688e-03
2.473916393673863089e-03
2.476144893929716276e-03
2.478348743033966396e-03
2.480528285487838304e-03
2.482683863948446489e-03
2.484815819238540315e-03
2.486679229133785182e-03
2.488520402426954749e-03
2.490339672182504804e-03
2.491648973773226070e-03
2.493426134282731611e-03
2.494695392350299284e-03
2.495945465280358794e-03
2.497176672740662913e-03
2.498146891538082209e-03
2.499583761317706026e-03
2.500518529475046891e-03
2.501194992726539414e-03
2.502096599070484286e-03
2.502741208805213304e-03
2.503370521396993710e-03
2.503744825261435599e-03
2.504105121443063464e-03
2.504451706154804756e-03
2.504545890089902339e-03
2.504388991200627405e-03
2.504220622798055892e-03
2.504041070331758032e-03
2.503613018299756261e-03
2.503175159470284478e-03
2.502490960387117932e-03
2.501561842128070205e-03
2.500861761373897145e-03
2.499682305215036437e-03
2.498261484867826329e-03
2.497306494448060972e-03
2.495641061256131509e-03
2.494206969736830013e-03
2.492535072619580638e-03
2.490626747612514555e-03
2.488249761844976964e-03
2.486106292960688340e-03
2.483729831571583353e-03
2.481354347962657671e-03
2.478515630795170583e-03
2.475679926942371545e-03
2.472615958582414022e-03
2.469556365043070779e-03
2.466270513750304892e-03
2.462990383877520454e-03
2.459255651794737142e-03
2.455758629883953315e-03
2.451809622714971708e-03
2.447640263373092491e-03
2.443709934542680293e-03
2.439331828255039084e-03
2.434736593987005260e-03
2.430153594396240128e-03
2.425355379327785461e-03
2.420343216816455562e-03
2.415572631588454658e-03
2.410362536631343623e-03
2.404941633071375120e-03
2.399537351376324502e-03
2.393698251044096628e-03
2.387877621434431746e-03
2.381850510804211455e-03
2.375843074495181603e-03
2.369630979975168028e-03
2.363215444174784734e-03
2.356597678461277816e-03
2.350002573839894346e-03
2.342983650897693254e-03
2.336212233765905342e-03
2.328796627430298853e-03
2.321629670369340301e-03
2.314266410850783235e-03
2.306708025842803354e-03
2.299177185161093828e-03
2.291231511360059241e-03
2.283314720867480989e-03
2.275426852825852136e-03
2.267347629068230518e-03
2.259077995258295876e-03
2.250399180249693359e-03
2.241971259616092668e-03
2.233355139604598950e-03
2.224551751415786323e-03
2.215780533890271929e-03
2.206823301058416162e-03
2.197463059043394933e-03
2.188354469403194259e-03
2.178844700591026258e-03
2.169586624925030384e-03
2.159929187932390238e-03
2.150307046573851719e-03
2.140720216576493754e-03
2.130521178026908123e-03
2.120790344760909926e-03
2.110880192723851943e-03
2.100791610970240836e-03
2.090310809096689992e-03
2.080082695387886621e-03
2.069678215017662672e-03
2.059312048318612341e-03
2.048770684151198038e-03
2.038268219432360934e-03
2.027591717287013668e-03
2.016763307018828305e-03
2.005996127981387548e-03
1.995099221700694005e-03
1.984221527123767800e-03
1.973215070756017316e-03
1.962143898701071421e-03
1.951008431514463003e-03
1.939872284756011559e-03
1.928609396517511499e-03
1.917325481851729196e-03
1.905999803776999187e-03
1.894653642289557743e-03
1.883245389186021055e-03
1.871796349521610012e-03
1.860327714753919190e-03
1.848818881283308384e-03
1.837270168836539156e-03
1.825723466487928813e-03
1.814137409293638649e-03
1.802533042906610599e-03
1.790910554885380424e-03
1.779269957056575690e-03
1.767631865033020885e-03
1.755975545010688603e-03
1.744300965892367668e-03
1.732628662093421918e-03
1.720958521213493452e-03
1.709290431436120148e-03
1.697603797936814282e-03
1.685959960825391150e-03
1.674276929835154769e-03
1.662615964885947066e-03
1.650956500561606352e-03
1.639339125614094721e-03
1.627783892881502509e-03
1.616188979680007213e-03
1.604635513294091348e-03
1.593102986447277264e-03
1.581591214447287431e-03
1.570140390035699518e-03
1.558689685799084877e-03
1.547259134644395724e-03
1.535888773174651483e-03
1.524538097924592892e-03
1.513226985947380056e-03
1.501975210058299759e-03
1.490762431991059104e-03
1.479588397100080029e-03
1.468472803268883881e-03
1.457415319919879966e-03
1.446395718580485105e-03
1.435453496126915321e-03
1.424548553459135817e-03
1.413720286430670669e-03
1.402948498174886975e-03
1.392232866581227758e-03
1.381612559554906477e-03
1.371067385149973014e-03
1.360498483646139546e-03
1.350063185503672190e-03
1.339701943299452655e-03
1.329414367229102278e-03
1.319180478026025323e-03
1.309039096750330309e-03
1.298989762433614900e-03
1.288992985678238338e-03
1.279087440549061573e-03
1.269292136314513269e-03
1.259567664632877445e-03
1.249952478332187799e-03
1.240387866189360602e-03
1.230950901275147365e-03
1.221582864254390846e-03
1.212321911388462674e-03
1.203128842415860733e-03
1.194060984072976362e-03
1.185079165939309943e-03
1.176202065405461536e-03
1.167448263656008234e-03
1.158778746377393549e-03
1.150154698466471313e-03
1.141633090825314254e-03
1.133232416515618296e-03
1.124952004860809264e-03
1.116791188018365641e-03
1.108711260881861975e-03
1.100711706800639161e-03
1.092829954500854463e-03
1.085084294196573835e-03
1.077436152551057699e-03
1.069903849480447660e-03
1.062448985732099369e-03
1.055108761423101567e-03
1.047920187342718523e-03
1.040807265691661744e-03
1.033807060549738702e-03
1.026918936304430617e-03
1.020142260020697389e-03
1.013495109673069128e-03
1.006920732914149850e-03
1.000455968546153139e-03
9.941374688504896542e-04
9.878900173871164349e-04
9.817874995373301449e-04
9.757548923208593560e-04
9.698658983985188661e-04
9.640827278192391249e-04
9.584232707658458562e-04
9.528499061454019561e-04
9.473805525394693103e-04
9.420514652636931968e-04
9.368066968189668825e-04
9.316824846249386781e-04
9.266414523081567154e-04
9.217380848026652867e-04
9.169533459407616877e-04
9.122500051825326549e-04
9.076640822971475875e-04
9.031766866233873793e-04
8.988054623976529612e-04
8.945315867143679035e-04
8.903363979345590377e-04
8.862921060501161756e-04
8.823255224186596487e-04
8.784724655626431665e-04
8.747143212913522075e-04
8.710506296811870242e-04
8.674809326550891268e-04
8.640408086253250665e-04
8.606936790619916901e-04
8.574211189988391324e-04
8.542765958087772653e-04
8.511878147806865988e-04
8.482260859398850841e-04
8.453550635928277265e-04
8.425564429011958090e-04
8.398655277430640623e-04
8.372639947037745179e-04
8.347158148543875038e-04
8.323095515273958456e-04
8.299735662800934721e-04
8.277252219420120445e-04
8.255463796397110796e-04
8.234720477949365259e-04
8.214840691384699438e-04
8.195643752067836678e-04
8.177126069229565062e-04
8.159460060196978802e-04
8.142641515398522630e-04
8.126666242066187679e-04
8.111004023423796106e-04
8.096528293681404687e-04
8.082708866948876917e-04
8.069891665350210517e-04
8.057373974966442701e-04
8.045676451067799084e-04
8.034620947571250111e-04
8.024030184263262555e-04
8.014422302305556235e-04
8.005272345381450778e-04
7.996577561434004477e-04
7.988681222056192091e-04
7.981233743703212849e-04
7.974232410564975832e-04
7.967846893926278703e-04
7.961901705822845227e-04
7.956738080321796832e-04
7.952008597819679820e-04
7.947710601490700754e-04
7.943841445470427136e-04
7.940398778260979087e-04
7.937552308903893196e-04
7.934959070692042173e-04
7.932789269056339694e-04
7.931212286070475018e-04
7.929886401702384386e-04
7.928641431139740172e-04
7.928156429987667439e-04
7.927920822821831913e-04
7.927765041357212605e-04
7.928196620280753178e-04
7.928707440632723567e-04
7.929635152085618387e-04
7.930641929393783497e-04
7.932064611006040640e-04
7.933734241680229660e-04
7.935482674716169433e-04
7.937645537202537563e-04
7.939887026068165061e-04
7.942207454296610269e-04
7.944941243066483893e-04
7.947753792840795729e-04
7.950478757312160654e-04
7.953616412192314293e-04
7.956500837302342942e-04
7.959797767822033828e-04
7.963174593322375552e-04
7.966300286419885149e-04
7.969672732369855427e-04
7.973126366167623434e-04
7.976661483175824345e-04
7.979948621447118537e-04
7.983483293649409679e-04
7.986936228437593746e-04
7.990472589926235665e-04
7.993928566138332583e-04
7.997141121105408833e-04
8.000602823793700026e-04
8.003659312016901239e-04
8.006639244054111195e-04
8.009706598033041391e-04
8.012698707145084849e-04
8.015453672418006333e-04
8.017972910126968311e-04
8.020582549097901321e-04
8.022958510613371419e-04
8.024940219214074565e-04
8.027015000862336653e-04
8.028859911098153472e-04
8.030476335423388000e-04
8.031704572650848152e-04
8.033030318954680407e-04
8.033972099959407406e-04
8.034693296360407005e-04
8.035196063535974750e-04
8.035322274920375001e-04
8.035394800722387224e-04
8.035095410370887139e-04
8.034586494473645434e-04
8.033710637819376204e-04
8.032470499313552632e-04
8.031187030225249782e-04
8.029384855630275052e-04
8.027225940469528672e-04
8.024712901227596057e-04
8.022165165159992608e-04
8.019109541817650384e-04
8.015549169809644712e-04
8.011802892168739436e-04
8.007872721783624919e-04
8.003445679143453588e-04
7.998839475021920879e-04
7.993741841519860260e-04
7.988155848500561084e-04
7.982241316140342800e-04
7.976000745226939853e-04
7.969436626291445235e-04
7.962395220774572385e-04
7.955191617174246733e-04
7.947204301748317986e-04
7.939060056257393879e-04
7.930449782087916569e-04
7.921531764312950055e-04
7.912153280104214023e-04
7.902317272876418575e-04
7.892181457121497622e-04
7.881593613821280802e-04
7.870556652284331489e-04
7.859381968984174068e-04
7.847455098220286647e-04
7.835549454304291481e-04
7.822897717711919073e-04
7.809964427987053101e-04
7.796598532171904053e-04
7.782802861287259734e-04
7.768580235091778483e-04
7.754086302437160480e-04
7.739018005302227476e-04
7.723531145317179139e-04
7.707628497648331837e-04
7.691312739595585358e-04
7.674738160360702758e-04
7.657754668124887353e-04
7.640364479413228700e-04
7.622569802244997693e-04
7.604524114235206890e-04
7.585926878255976839e-04
7.566780793320187050e-04
7.547540836230420347e-04
7.527756370515543190e-04
7.507580488025045965e-04
7.487015338181677833e-04
7.466213141661528835e-04
7.445175521259722075e-04
7.423454874363623725e-04
7.401503046793795650e-04
7.379172238544313457e-04
7.356464550961136365e-04
7.333531140785872447e-04
7.310075798086339283e-04
7.286398559282389852e-04
7.262500990423774970e-04
7.237939475957819255e-04
7.213309972720551456e-04
7.188317409541227811e-04
7.163111717017658355e-04
7.137251253804900763e-04
7.111329275611683433e-04
7.085052017466368732e-04
7.058568716052053679e-04
7.031880877369133193e-04
7.004549310163336743e-04
6.977163920282948356e-04
6.949725700154297950e-04
6.921796426341657316e-04
6.893671037530084379e-04
6.865351001734111775e-04
6.836837781139374660e-04
6.807987082023262467e-04
6.778800843258736032e-04
6.749571846041888239e-04
6.720155778558553790e-04
6.690263871983277363e-04
6.660478279357636908e-04
6.630509896619381097e-04
6.599781673372930859e-04
6.569597050629755967e-04
6.538944955355703928e-04
6.508116018532174914e-04
6.477255607247688453e-04
6.446364468823241947e-04
6.415442707252848233e-04
6.384203274205377341e-04
6.352647067825036931e-04
6.321061340104487973e-04
6.289589052613280213e-04
6.257801087855260945e-04
6.225983744142257834e-04
6.194136963493906663e-04
6.162260688293520403e-04
6.130070398412703053e-04
6.097993201973011352e-04
6.065886653062349358e-04
6.033608933217184068e-04
6.001443664985247175e-04
5.969248874234127280e-04
5.936883211171570468e-04
5.904488224879443246e-04
5.871781892495666960e-04
5.839469230547539519e-04
5.807267442921288476e-04
5.774894973095094771e-04
5.743054058361716325e-04
5.710761316831005187e-04
5.678578313460668110e-04
5.646364631381611560e-04
5.614399723335135664e-04
5.582263824794042595e-04
5.550236237598617705e-04
5.518316455621935686e-04
5.486503974559751688e-04
5.454659301682963056e-04
5.423060068363795474e-04
5.391566633665587863e-04
5.360039964234707089e-04
5.328618402706854218e-04
5.297439689691626650e-04
5.266364797181122704e-04
5.235255300775810581e-04
5.204524515562979113e-04
5.173895786777243802e-04
5.143368630445610589e-04
5.112942564334392896e-04
5.082754295572755815e-04
5.053076977484576232e-04
5.023087454579383548e-04
4.993470300039960612e-04
4.963950964397142399e-04
4.934665424748865391e-04
4.905612770711842820e-04
4.876383529541418612e-04
4.847929614158032001e-04
4.819296701913312777e-04
4.791027416322009313e-04
4.762984213294324423e-04
4.735300979740721616e-04
4.707705203031636388e-04
4.680330927688132708e-04
4.653311621392180477e-04
4.626375662732840240e-04
4.599926062886237942e-04
4.573691358334739765e-04
4.547401248959529818e-04
4.521726415212548264e-04
4.496127615103854614e-04
4.471005723992054794e-04
4.445823095397804245e-04
4.421113870866893850e-04
4.396742191741141660e-04
4.372572778641563036e-04
4.348604186940535697e-04
4.325101208483325796e-04
4.301795610320137495e-04
4.278818797151945894e-04
4.256168922663234612e-04
4.233711598690465721e-04
4.211577823305577778e-04
4.189633503183416707e-04
4.168141491893026193e-04
4.146967568499859919e-04
4.126109926131234186e-04
4.105435059502011443e-04
4.085204724751673329e-04
4.065285289682828260e-04
4.045674973672478553e-04
4.026240855510148666e-04
4.007112592491995202e-04
3.988550161671648177e-04
3.970028052831027650e-04
3.951937125972684200e-04
3.934275224314307570e-04
3.916779565090890538e-04
3.899579011709065272e-04
3.882801883005265547e-04
3.866186241453616729e-04
3.849990323518597620e-04
3.834212014770293966e-04
3.818590219440895755e-04
3.803382372180680814e-04
3.788327935677592560e-04
3.773683856396589827e-04
3.759448277979506470e-04
3.745361765121487220e-04
3.731938049351252434e-04
3.718274713116294025e-04
3.705142451634817029e-04
3.692410802102136583e-04
3.679949846691226746e-04
3.667630210415041901e-04
3.655706677408260773e-04
3.644177487208378422e-04
3.632913279918532565e-04
3.622040179354378336e-04
3.611301764493052334e-04
3.600951508107700142e-04
3.590733531173306327e-04
3.581027725102620390e-04
3.571451545649058606e-04
3.562257423306191737e-04
3.553317103073290852e-04
3.544502862547648696e-04
3.536192635664759396e-04
3.528005883394854845e-04
3.519941703893418009e-04
3.512502751694836071e-04
3.505057775743314536e-04
3.497731905144317046e-04
3.491026240771671744e-04
3.484311504387578714e-04
3.477962918819570690e-04
3.471978831139206309e-04
3.466107638258217826e-04
3.460473322683165821e-04
3.455074634342817242e-04
3.449910327572742194e-04
3.444979161099221126e-04
3.440155564326153486e-04
3.435687100352594709e-04
3.431448078840542847e-04
3.427313326363898771e-04
3.423529650127566932e-04
3.419724368563119873e-04
3.416267735811577208e-04
3.413034722661310361e-04
3.409777499524272110e-04
3.406865187386219195e-04
3.403927030687516715e-04
3.401454331490881880e-04
3.398953914306198482e-04
3.396670715596725068e-04
3.394603657671676177e-04
3.392629643191916698e-04
3.390870790525917985e-04
3.389204357583100111e-04
3.387630158906502955e-04
3.386148009507568843e-04
3.385366754929750987e-04
3.383824165895061914e-04
3.382859801551098169e-04
3.381864822338267952e-04
3.381082037545922415e-04
3.380389708606955259e-04
3.379787654902470452e-04
3.379275696267656972e-04
3.378974469468880087e-04
3.378642039445025648e-04
3.378519737873368059e-04
3.378245673454499404e-04
3.378301707436886744e-04
3.378206112691349333e-04
3.378319690873866432e-04
3.378401978681952488e-04
3.378573003550822780e-04
3.378952306824924254e-04
3.379180559899443289e-04
3.379497264755879516e-04
3.379902245908495881e-04
3.380276094297183544e-04
3.380738110200768210e-04
3.381288118897106116e-04
3.381688199611379607e-04
3.382176404549443183e-04
3.382752559204815529e-04
3.383297975395058513e-04
3.383931232291801532e-04
3.384415604964779328e-04
3.384869790639157537e-04
3.385412009577257577e-04
3.385924168553012810e-04
3.386524250000097361e-04
3.386859032876966759e-04
3.387164535420518160e-04
3.387558383333631696e-04
3.387923073364207762e-04
3.388375995182506717e-04
3.388565693363926020e-04
3.388727002040939156e-04
3.388976956846776216e-04
3.389081897484805066e-04
3.389042349446483239e-04
3.389091926373477819e-04
3.388998020438292280e-04
3.388877853738606278e-04
3.388732020133725076e-04
3.388329020924390079e-04
3.388017927722455935e-04
3.387451538024317246e-04
3.386978224027810207e-04
3.386367054093615265e-04
3.385503483636530990e-04
3.384734839432315678e-04
3.383830872331171488e-04
3.382677372326255930e-04
3.381620625496781977e-04
3.380431062188535936e-04
3.379224370608254055e-04
3.377657105620608126e-04
3.376074514117753862e-04
3.374362709672538291e-04
3.372636913742718787e-04
3.370783461435729387e-04
3.368689137390479542e-04
3.366469153637259137e-04
3.364238267752950101e-04
3.361655725484099188e-04
3.359177685076891024e-04
3.356577263772135339e-04
3.353628473065801692e-04
3.350786115977458560e-04
3.347597563697278207e-04
3.344290531623637995e-04
3.340978857589801563e-04
3.337437317831530689e-04
3.333892615880191656e-04
3.330007316634170985e-04
3.326008005725726514e-04
3.322007951669071432e-04
3.317558386993399422e-04
3.313222178489021630e-04
3.308775299825756039e-04
3.303994602021201104e-04
3.299217204654625183e-04
3.294108292316219860e-04
3.289115980122702732e-04
3.283794224327078000e-04
3.278478817826959400e-04
3.272836243950120842e-04
3.267090410501200144e-04
3.261242120523758317e-04
3.255181166622123437e-04
3.248797756346533247e-04
3.242536422578261193e-04
3.235954484820519864e-04
3.229274440184945320e-04
3.222386516325633117e-04
3.215402089696677837e-04
3.208321850841952105e-04
3.201036341440630746e-04
3.193656607557124631e-04
3.186073399330395018e-04
3.178397543238694169e-04
3.170519997297071646e-04
3.162551369059056526e-04
3.154273316680204276e-04
3.145905948619769055e-04
3.137559227021016078e-04
3.128905930537722907e-04
3.120056439162597413e-04
3.111229685803302463e-04
3.102099391193868403e-04
3.092884377333310385e-04
3.083585295854568724e-04
3.074094237525254437e-04
3.064520617289934168e-04
3.054756730050622003e-04
3.044803530925053602e-04
3.034878253793302206e-04
3.024765149450506663e-04
3.014249298418955982e-04
3.003979242437308556e-04
2.993416049361974948e-04
2.982776212259665057e-04
2.972060355920173435e-04
2.961054271199356773e-04
2.950188447994895051e-04
2.939034046448551476e-04
2.927806513514990758e-04
2.916399457435830066e-04
2.905027601138883268e-04
2.893370845708871024e-04
2.881857202650155375e-04
2.870060279441311361e-04
2.858087783641726203e-04
2.846153404919875220e-04
2.834151144489715363e-04
2.821975407843726677e-04
2.809733180316531585e-04
2.797425052538566356e-04
2.785051613071259859e-04
2.772613448414203391e-04
2.760005392285417420e-04
2.747333585148177548e-04
2.734598214622934636e-04
2.721904851723486478e-04
2.708937531190386185e-04
2.696012590829274303e-04
2.683024832175967891e-04
2.669869455697749670e-04
2.656861599205001859e-04
2.643686493165692221e-04
2.630449305394261510e-04
2.617150218709694831e-04
2.603789415405917147e-04
2.590471466770034848e-04
2.576987676350835348e-04
2.563651097845703669e-04
2.550149039334090491e-04
2.536585971776552295e-04
2.523065972345649643e-04
2.509381326995136245e-04
2.495739911754634322e-04
2.482038007516671851e-04
2.468379298767439320e-04
2.454763670703794150e-04
2.440984385183621861e-04
2.427351554951368668e-04
2.413555421276375500e-04
2.399905513853666569e-04
2.386092655802415604e-04
2.372322967932426327e-04
2.358596336011797617e-04
2.344912646123145108e-04
2.331169246160147293e-04
2.317468753443642808e-04
2.303708708061477629e-04
2.289991535039214007e-04
2.276317121211639607e-04
2.262583294149254464e-04
2.248994155840232248e-04
2.235345570014142893e-04
2.221841257745261285e-04
2.208175785531166257e-04
2.194552779145658098e-04
2.180972126783322165e-04
2.167535111638378231e-04
2.154038738677128896e-04
2.140584386287516902e-04
2.127374167346076305e-04
2.114104354200770932e-04
2.100775119434271322e-04
2.087588247796555929e-04
2.074442376717373676e-04
2.061337115311342506e-04
2.048272074038174099e-04
2.035347320774171128e-04
2.022461826291005102e-04
2.009615205444844049e-04
1.996907251449385966e-04
1.984137134988759341e-04
1.971504736447779341e-04
1.958909499313842006e-04
1.946450852190215273e-04
1.934028426942940274e-04
1.921641848382764513e-04
1.909390273045263387e-04
1.897273052742579340e-04
1.885090847656528646e-04
1.873042073788399654e-04
1.861225252064534056e-04
1.849441322827906342e-04
1.837590940189062674e-04
1.825970684210095538e-04
1.814480847363145785e-04
1.803022088276666891e-04
1.791594047996772549e-04
1.780294895733167679e-04
1.769320876481581873e-04
1.758277437825535143e-04
1.747262753789322162e-04
1.736374638465982070e-04
1.725612471461049899e-04
1.714975634334751974e-04
1.704365614387299990e-04
1.693879872492657734e-04
1.683517795668197496e-04
1.673278772861625440e-04
1.663259733459970541e-04
1.653167454707099701e-04
1.643293946849992877e-04
1.633638339510433413e-04
1.623908216603212930e-04
1.614394793118465983e-04
1.604903194171612897e-04
1.595626923597730305e-04
1.586371464304397333e-04
1.577329970319325196e-04
1.568404934163622889e-04
1.559499202561075713e-04
1.550708929471379888e-04
1.542129919314487972e-04
1.533665024346379975e-04
1.525217449074702056e-04
1.517075257744878608e-04
1.508853189574468423e-04
1.500935003425943836e-04
1.493032005617887109e-04
1.485239664188946586e-04
1.477653101398300830e-04
1.470080277491467974e-04
1.462711924343151827e-04
1.455451785118660861e-04
1.448299297159090146e-04
1.441253899573592299e-04
1.434315033233691920e-04
1.427482140767616576e-04
1.420754666554648374e-04
1.414226973938697196e-04
1.407708590796350888e-04
1.401483462082159454e-04
1.395266544460571124e-04
1.389057547283102428e-04
1.383139652803714106e-04
1.377322996356489227e-04
1.371512716021929272e-04
1.365802762655052337e-04
1.360286749597982366e-04
1.354869820013702585e-04
1.349551439541250939e-04
1.344424973706641021e-04
1.339302010904839591e-04
1.334369734260911042e-04
1.329440072201777364e-04
1.324699874918408159e-04
1.320148366862302410e-04
1.315691379957904404e-04
1.311328393789350688e-04
1.306965661615873354e-04
1.302696060795331006e-04
1.298612136980128670e-04
1.294434191372333847e-04
1.290440895891651403e-04
1.286724303376787445e-04
1.283283408083036789e-04
1.279653970396276959e-04
1.276113922487492100e-04
1.272662760045590355e-04
1.269392380531294130e-04
1.266117400244188846e-04
1.262929802074160923e-04
1.259921242017011792e-04
1.256906873162539305e-04
1.253978633283829775e-04
1.251228173185354683e-04
1.248563163734701584e-04
1.245891602788377374e-04
1.243396807867104830e-04
1.240895113435952306e-04
1.238478010914583957e-04
1.236236667875447804e-04
1.233987907709500637e-04
1.231822980360861811e-04
1.229741634155636927e-04
1.227743618112887207e-04
1.225737663874650258e-04
1.223723762840734394e-04
1.221883621473509424e-04
1.220216750542837150e-04
1.218541267397810262e-04
1.216857164901309629e-04
1.215254973618062938e-04
1.213824905363250853e-04
1.212385719160535038e-04
1.210937408997383714e-04
1.209660407888537740e-04
1.208283813591442039e-04
1.207168102526121842e-04
1.206042611622176785e-04
1.204817433322894529e-04
1.203762272120133649e-04
1.202697159910813616e-04
1.201711759293396713e-04
1.200716242347132868e-04
1.199710605328006217e-04
1.198873707290336934e-04
1.198026368830020140e-04
1.196990036930999373e-04
1.196032767715795588e-04
1.195421680890260303e-04
1.194621592080534136e-04
1.193899856092423651e-04
1.193345123325425671e-04
1.192956926406259140e-04
1.192291144826820078e-04
1.191703087794184287e-04
1.191192521828340862e-04
1.190493716475010682e-04
1.190049243633786610e-04
1.189593373514322410e-04
1.189037836899538026e-04
1.188647438346753649e-04
1.187981173060843036e-04
1.187480079097777679e-04
1.187143884382000644e-04
1.186620774106827460e-04
1.186174820826577353e-04
1.185718247881162502e-04
1.184988267784654360e-04
1.184598818807079706e-04
1.184374162367651253e-04
1.183964307540717037e-04
1.183457245750739646e-04
1.183027943303224854e-04
1.182501948357190386e-04
1.182053923872025073e-04
1.181596771329611166e-04
1.181043692766060583e-04
1.180568897602785804e-04
1.180085511535839256e-04
1.179506959653231534e-04
1.179006999607689043e-04
1.178585583838435801e-04
1.177983078292942130e-04
1.177286559938874066e-04
1.176755566510658457e-04
1.176130908989969615e-04
1.175499215222320667e-04
1.174860658111557665e-04
1.174387576927786187e-04
1.173735661748019632e-04
1.172991462879572689e-04
1.172155372027713026e-04
1.171399356711412114e-04
1.170637650323559333e-04
1.169613496833447604e-04
1.168755565315737635e-04
1.167892593041748621e-04
1.166939324791858287e-04
1.165981494589553546e-04
1.164933991807337669e-04
1.163882402712648366e-04
1.162997151671908138e-04
1.161852678045014343e-04
1.160704753357747881e-04
1.159553539540387915e-04
1.158399197978549603e-04
1.157241889514915706e-04
1.156081774450964396e-04
1.154749765490978655e-04
1.153584660014654047e-04
1.152079307105759875e-04
1.150572362032949126e-04
1.149148337793653112e-04
1.147638671228962988e-04
1.146212142750611539e-04
1.144616353281431093e-04
1.143020009909526450e-04
1.141339311782972301e-04
1.139658557133112692e-04
1.137894085941439022e-04
1.136130052302388474e-04
1.134366631071595711e-04
1.132520372956801271e-04
1.130591663872208038e-04
1.128664370754099629e-04
1.126738665560303253e-04
1.124648037458843411e-04
1.122642891717677295e-04
1.120556786285701787e-04
1.118390101162262951e-04
1.116143215237440497e-04
1.113982486386264856e-04
1.111742031418330972e-04
1.109339376202833518e-04
1.107023446485045579e-04
1.104546065456350848e-04
1.102155738593919865e-04
1.099604705521939140e-04
1.097141052515781916e-04
1.094517434588064059e-04
1.091981519875051353e-04
1.089368672289493535e-04
1.086679259229820263e-04
1.083913647024085312e-04
1.081154288542285683e-04
1.078319322756732365e-04
1.075491063143078853e-04
1.072587784688595333e-04
1.069609848934018525e-04
1.066639360801436339e-04
1.063676474599374095e-04
1.060558128572506529e-04
1.057447964321383882e-04
1.054427605492360142e-04
1.051171386037193120e-04
1.048005410739264668e-04
1.044767090944382173e-04
1.041537979662700774e-04
1.038155961744193694e-04
1.034945849451696082e-04
1.031583397250536888e-04
1.028150066740994079e-04
1.024807830365314027e-04
1.021314127050078926e-04
1.017830840998247175e-04
1.014277336608876602e-04
1.010815027047673432e-04
1.007202156086074902e-04
1.003600069159375438e-04
9.999283973369768499e-05
9.963480173651661446e-05
9.926982336016615350e-05
9.888990761955664100e-05
9.851913475518886973e-05
9.814147506159746285e-05
9.776495013513465367e-05
9.738956224096660555e-05
9.700732745076385242e-05
9.662624739950860053e-05
9.623835131234013583e-05
9.585162754996411625e-05
9.545811845862084877e-05
9.507375240884248133e-05
9.467467177164222826e-05
9.427679827959992403e-05
9.388806760259257053e-05
9.348468104491901537e-05
9.308252091438457216e-05
9.268950323969319608e-05
9.228188804052613080e-05
9.188341932719860266e-05
9.147039613441842988e-05
9.107441136672577418e-05
9.065602050872058381e-05
9.025465899023741288e-05
8.984668419171500911e-05
8.943997953398194348e-05
8.903454691673171257e-05
8.862253900656731815e-05
8.821181977750054790e-05
8.781022744383221547e-05
8.739425475271855122e-05
8.698741263042731654e-05
8.657404940185356760e-05
8.616199680528935617e-05
8.575125662390699268e-05
8.534183063242133300e-05
8.493372059711845558e-05
8.451914303521837588e-05
8.411367653286477646e-05
8.370175868963734996e-05
8.329117423833189171e-05
8.287415394150652128e-05
8.247396584017473262e-05
8.206731881381058239e-05
8.166196124118329245e-05
8.125788166978398610e-05
8.085506868181580671e-05
8.044578885788051398e-05
8.005319695792703291e-05
7.965411555904562929e-05
7.924855219254636491e-05
7.885960528741815378e-05
7.846415395721226705e-05
7.806989024916618863e-05
7.768448126943334651e-05
7.729255318336504597e-05
7.690177939693693761e-05
7.651214886742985991e-05
7.612365058561926148e-05
7.573627357567577962e-05
7.535764790966189273e-05
7.498010930454438263e-05
7.460364690656659449e-05
7.422824989492430117e-05
7.385390748166816564e-05
7.348821910326070665e-05
7.311594751165651743e-05
7.275229627285826771e-05
7.238205277264633233e-05
7.202798177008954859e-05
7.165971777767640640e-05
7.130758070870623288e-05
7.094882139213577136e-05
7.059630179126350153e-05
7.025075420674604726e-05
6.990686928938813049e-05
6.956312626546161230e-05
6.922554621915527628e-05
6.888732832661889638e-05
6.855373338991840784e-05
6.822323837347078377e-05
6.789357383999414014e-05
6.756923372517462047e-05
6.724794687011421848e-05
6.692894833487011193e-05
6.661297337362840840e-05
6.630075488147575452e-05
6.599078037291216097e-05
6.568602466347347394e-05
6.538273472315027195e-05
6.508388207680928595e-05
6.478721017285455838e-05
6.449419273401118765e-05
6.420481057616419737e-05
6.391978807368597579e-05
6.363687563812620159e-05
6.335680012305583148e-05
6.308176951429478850e-05
6.280953793937394162e-05
6.254082885393410336e-05
6.227636340429223863e-05
6.201390296596747743e-05
6.175638748237564956e-05
6.150158020165379048e-05
6.125020189303927198e-05
6.100297102975416600e-05
6.075913092965064472e-05
6.051866315424998441e-05
6.028154931719843237e-05
6.004850576519661491e-05
5.981804427092099035e-05
5.959234890096144787e-05
5.936993211797646642e-05
5.915004344339896486e-05
5.893486186892877990e-05
5.872363470027795783e-05
5.851341976447114139e-05
5.830858458281990036e-05
5.810764716547029964e-05
5.791058796865545226e-05
5.771593088265182400e-05
5.752511539307787394e-05
5.733884927574313411e-05
5.715493171737690459e-05
5.697407289506423237e-05
5.679625530037238487e-05
5.662218634440638457e-05
5.645184690460240852e-05
5.628521791164991367e-05
5.612083403112864998e-05
5.596012489387141496e-05
5.580162754171952673e-05
5.564749088126111300e-05
5.549625262379719167e-05
5.534861603022757457e-05
5.520384263649739552e-05
5.506263467123004946e-05
5.492353627554657575e-05
5.478796840124319718e-05
5.465591254108645506e-05
