0.000000000000000000e+00
0.000000000000000000e+00
1.018953809390218680e+03
4.825784354317931957e+02
2.738395429199721320e+02
1.746539103728128737e+02
1.208431392869370313e+02
8.874036508208835983e+01
6.811908603437343857e+01
5.413707635907803706e+01
4.422014541346170091e+01
3.690920144362845434e+01
3.140459403197366228e+01
2.711797479623652052e+01
2.369458304727641362e+01
2.092748910164678477e+01
1.867149026819977564e+01
1.681034075998023525e+01
1.524275897735533292e+01
1.392426584701981440e+01
1.278133617660782839e+01
1.178822630568520502e+01
1.092305473670239557e+01
1.016268165832135573e+01
9.491373688988431923e+00
8.895175384406959651e+00
8.361581090649531589e+00
7.883908770905562413e+00
7.453406088490973858e+00
7.064292725152099273e+00
6.710690313771849880e+00
6.387479208014739562e+00
6.092618236544029564e+00
5.822859885538149705e+00
5.574490726418081188e+00
5.345075006512864491e+00
5.132334483284301641e+00
4.934680223306149749e+00
4.751960228487681626e+00
4.582652343045655385e+00
4.424476339142869641e+00
4.276864163722262191e+00
4.138048671907875509e+00
4.007765111767123578e+00
3.884799582090195269e+00
3.769678172167653329e+00
3.661509574626380381e+00
3.559333322496472274e+00
3.462516138555393752e+00
3.370877729478258367e+00
3.284606932345922825e+00
3.202778445328140489e+00
3.125577489926568475e+00
3.051833305383637729e+00
2.981155328353823464e+00
2.913801474279789083e+00
2.849986488807449536e+00
2.789336312057338230e+00
2.731655837098433182e+00
2.676501549865198726e+00
2.623733412891256389e+00
2.573713125580894712e+00
2.525307637268508820e+00
2.478788854439733846e+00
2.434502756489543618e+00
2.391768939863156085e+00
2.350925961426190813e+00
2.311629867101502978e+00
2.274162788073225361e+00
2.238094338319836396e+00
2.203507764223407772e+00
2.170123574635785424e+00
2.137925498265575541e+00
2.106824149807368318e+00
2.076821210578035704e+00
2.047997759699082820e+00
2.020249285568933129e+00
1.993575038794087817e+00
1.967957626363498802e+00
1.943157802516163546e+00
1.919246102867746551e+00
1.896080542795967494e+00
1.873694370923985053e+00
1.851988831424624227e+00
1.831003891899339209e+00
1.810583137378877439e+00
1.790770342129198056e+00
1.771725632429182351e+00
1.753057293522145788e+00
1.735048241238967393e+00
1.717557047707463314e+00
1.700509129126178687e+00
1.683998230865709100e+00
1.668002483290828453e+00
1.652344338231867882e+00
1.637167429193452373e+00
1.622252253850948955e+00
1.607887612960557489e+00
1.593905680428294946e+00
1.580198534085884177e+00
1.566897403279076340e+00
1.553896377399923479e+00
1.541408288458978371e+00
1.529062832172453312e+00
1.517030252064118123e+00
1.505258114100762823e+00
1.493779875941027679e+00
1.482424300702284814e+00
1.471428900396204886e+00
1.460663445955851847e+00
1.450083191811639916e+00
1.439721322945582527e+00
1.429571109860986455e+00
1.419662198137408682e+00
1.409915172509833337e+00
1.400395828693256961e+00
1.390993371913874288e+00
1.381840968777486189e+00
1.372863301771595879e+00
1.363989864422092246e+00
1.355283245119017099e+00
1.346675373509468088e+00
1.338195783257756233e+00
1.329841423245246901e+00
1.321609338310298254e+00
1.313467031411097885e+00
1.305442295703318045e+00
1.297503697644456278e+00
1.289649934148931587e+00
1.281907552348456880e+00
1.274246604891204004e+00
1.266665986219512430e+00
1.259191630845430510e+00
1.251769413677605636e+00
1.244425749037223472e+00
1.237160041978756952e+00
1.229921581125133612e+00
1.222761294379096864e+00
1.215654165404336462e+00
1.208552574733259943e+00
1.201553437750313647e+00
1.194561716832999165e+00
1.187648526844546026e+00
1.180790363745589655e+00
1.173942621833486522e+00
1.167129249648711786e+00
1.160416380853043883e+00
1.153673476065136372e+00
1.146967437663577893e+00
1.140319849851283429e+00
1.133668707803087372e+00
1.127056833818640857e+00
1.120444209186558737e+00
1.113872029286856025e+00
1.107320703796370376e+00
1.100790929558003395e+00
1.094245244263268191e+00
1.087760964935826191e+00
1.081281474323980696e+00
1.074807996815460909e+00
1.068359812400889730e+00
1.061937351220549886e+00
1.055523335394180862e+00
1.049153697901596960e+00
1.042759136412832355e+00
1.036409992359417220e+00
1.030072230273596068e+00
1.023763323719911300e+00
1.017434158171180325e+00
1.011119146480371267e+00
1.004818988655765022e+00
9.985026085095127790e-01
9.921874173394003016e-01
9.858590220251924885e-01
9.795496708913202788e-01
9.732446901765368086e-01
9.669151284857051554e-01
9.605927848495083854e-01
9.542641482161643429e-01
9.479307912775579714e-01
9.416228712824371572e-01
9.352983793660812895e-01
9.289731883580470972e-01
9.226347643112708941e-01
9.163122498178660758e-01
9.099928466598833365e-01
9.036106229521817523e-01
8.972883177313637493e-01
8.909595964151777459e-01
8.846128870755759488e-01
8.783271337780088617e-01
8.719743596984398382e-01
8.656459956694660951e-01
8.593050676556002188e-01
8.529901372505186430e-01
8.466649249336345440e-01
8.403308800083377772e-01
8.340133279330647076e-01
8.277010422001266354e-01
8.213949674500130582e-01
8.150960091535394136e-01
8.087935135061017355e-01
8.024999051924081028e-01
7.962045558829924374e-01
7.898972494622984453e-01
7.836013238369312628e-01
7.772954364240567404e-01
7.710024232638795771e-01
7.646905665530535634e-01
7.583825244903642515e-01
7.520790344062975308e-01
7.457808047842147126e-01
7.394678440845677825e-01
7.331721042436369906e-01
7.268736308730047169e-01
7.205833551555758110e-01
7.142918905940904839e-01
7.080197920860771266e-01
7.017477590240358554e-01
6.954862498977288920e-01
6.892357449011810022e-01
6.829967043500934087e-01
6.767695693792553646e-01
6.705360751941491504e-01
6.643341675104482702e-01
6.581361994173179353e-01
6.519518822866930963e-01
6.457725497729598363e-01
6.396166529486702057e-01
6.334754153713818559e-01
6.273403592515007787e-01
6.212120049345213335e-01
6.151081221755178019e-01
6.090201901628292669e-01
6.029314851440650269e-01
5.968679255288055208e-01
5.908128313976135360e-01
5.847749019470477316e-01
5.787543380461194209e-01
5.727594672544563670e-01
5.667660592937373565e-01
5.608066989252418200e-01
5.548652764960634309e-01
5.489419473235623848e-01
5.430368580527211719e-01
5.371501469571393628e-01
5.312896256261436800e-01
5.254552306123286831e-01
5.196393371681036211e-01
5.138570528513531910e-01
5.080932480059300316e-01
5.023627801905099499e-01
4.966434193995374891e-01
4.909717311178679044e-01
4.853182770098714571e-01
4.796902787765598419e-01
4.740947299931275172e-01
4.685313636358407474e-01
4.629929303208460412e-01
4.574862600904434640e-01
4.520179692279518435e-01
4.465739901087751318e-01
4.411542234015240482e-01
4.357921796709620654e-01
4.304469673665307639e-01
4.251252641885125971e-01
4.198466883612476108e-01
4.145911324577605805e-01
4.093714507923589263e-01
4.041744080914481119e-01
3.990254267248517506e-01
3.939048543602330921e-01
3.888313198655354297e-01
3.837854658459756707e-01
3.787794618080618236e-01
3.738066720394031539e-01
3.688789611217485609e-01
3.639775417974875360e-01
3.591202641311972976e-01
3.543005656824735339e-01
3.495179962017877506e-01
3.447838925630216100e-01
3.400741752101649196e-01
3.354118933213003362e-01
3.307906131806951922e-01
3.262098001850912143e-01
3.216632424102557342e-01
3.171561880920806265e-01
3.126937352478145193e-01
3.082696976245670184e-01
3.038891141254140282e-01
2.995513873431115970e-01
2.952341087297353228e-01
2.909804922617207357e-01
2.867572362598911906e-01
2.825907268043846288e-01
2.784535437068191288e-01
2.743611832534114114e-01
2.703025320008548005e-01
2.662927834238139058e-01
2.623208790157021131e-01
2.583914475769672481e-01
2.545089800010286729e-01
2.506677066818443489e-01
2.468670371023178600e-01
2.431113918194136581e-01
2.393951343039016078e-01
2.357226408977305676e-01
2.320932655310973536e-01
2.285112458269300817e-01
2.249661815308021950e-01
2.214671737446537725e-01
2.180135276148430223e-01
2.145998114104153420e-01
2.112301634559334007e-01
2.079039235552802012e-01
2.046204428943293185e-01
2.013790838140044892e-01
1.981792195885098418e-01
1.950248064755596145e-01
1.919151535076981385e-01
1.888450660505474332e-01
1.858184481590299530e-01
1.828346430590774563e-01
1.798930051895714366e-01
1.769973052396706936e-01
1.741380819610608977e-01
1.713235061951611238e-01
1.685528957176434806e-01
1.658212809580697500e-01
1.631323535755673515e-01
1.604897120153628565e-01
1.578841984656414177e-01
1.553194588046425961e-01
1.527990478629450144e-01
1.503139917996008101e-01
1.478720129177353293e-01
1.454724518934245869e-01
1.431105870620123788e-01
1.407939517230510640e-01
1.385137958314753004e-01
1.362695736380811762e-01
1.340687059890599275e-01
1.319065704985128429e-01
1.297865130529914646e-01
1.277000682760232875e-01
1.256545116189698441e-01
1.236453525667858822e-01
1.216758854491335889e-01
1.197416836905367821e-01
1.178460162151618862e-01
1.159958540545098782e-01
1.141717213915819235e-01
1.123881956001411275e-01
1.106372391295827595e-01
1.089257636887351471e-01
1.072495057243092742e-01
1.056079451688251986e-01
1.040042018287158504e-01
1.024304887672431025e-01
1.008935536784562187e-01
9.938927773509187436e-02
9.792073326410358214e-02
9.648385739453546606e-02
9.508169907483181305e-02
9.371025016102266236e-02
9.237253630299074869e-02
9.106805876938149635e-02
8.978945236705672406e-02
8.855001963365610740e-02
8.733897302854067013e-02
8.615589916963019290e-02
8.500375481093233598e-02
8.388208531709555327e-02
8.279044310528137218e-02
8.172507733051426193e-02
8.069219209200803600e-02
7.968803234399374213e-02
7.870891958222765716e-02
7.775773190947847524e-02
7.683728491990689247e-02
7.594071227347951036e-02
7.506766881637458311e-02
7.422416169216312920e-02
7.340975722786936830e-02
7.261460630231317270e-02
7.184780777280672104e-02
7.110272961569780170e-02
7.038215104290450330e-02
6.968571603093896838e-02
6.901307391271882530e-02
6.836387928738062170e-02
6.773476227368302460e-02
6.713146243466419638e-02
6.654760547305307861e-02
6.598291162550155853e-02
6.544304295879345423e-02
6.491877667623374704e-02
6.441870770100084631e-02
6.393663579787248197e-02
6.347230228030439902e-02
6.302834981689559024e-02
6.260449504054683978e-02
6.219759413978234036e-02
6.180741649612176564e-02
6.143657331294716251e-02
6.107914955393110162e-02
6.074058764884576050e-02
6.041783168047711039e-02
6.011345067431390909e-02
5.982165316027030638e-02
5.954778419236696207e-02
5.928611242211236088e-02
5.903920522408109134e-02
5.880414645306477478e-02
5.858618560021765925e-02
5.837970838309608501e-02
5.818456216770313827e-02
5.800326135373989889e-02
5.783561945869753612e-02
5.767881298742694868e-02
5.753532526136097974e-02
5.740236253706520325e-02
5.727718289212110903e-02
5.716227552688357694e-02
5.706008238029820073e-02
5.696786722164646349e-02
5.688294412987694726e-02
5.680776056781708383e-02
5.673965768713171154e-02
5.668358059242546015e-02
5.663435535131559201e-02
5.658939802485644238e-02
5.655610656333380504e-02
5.652690906181227076e-02
5.650421546859221017e-02
5.649039135608331652e-02
5.648288175026004720e-02
5.647917768345842027e-02
5.648406438326594031e-02
5.649261857534538384e-02
5.650718900830765945e-02
5.652293077878449423e-02
5.654695057879546155e-02
5.657441592593222268e-02
5.660528386932244665e-02
5.663717086605866285e-02
5.667472783788209817e-02
5.671324149848212121e-02
5.675732204648059609e-02
5.680459855593814750e-02
5.685274271543425822e-02
5.690175052180412862e-02
5.695615783668729615e-02
5.700912341144299955e-02
5.706292391432290362e-02
5.712203594940432061e-02
5.717747831949517717e-02
5.723596753006271465e-02
5.729526125822331090e-02
5.735535688776887547e-02
5.741406036369783861e-02
5.747357944127765017e-02
5.753173875388235825e-02
5.758856353826556640e-02
5.764407867323378953e-02
5.770045339927398070e-02
5.775768439891024869e-02
5.781151548022291781e-02
5.786411503048397020e-02
5.791761479091072501e-02
5.796361309615716273e-02
5.801266565263480529e-02
5.805849625237707867e-02
5.810322624804581393e-02
5.814687721570797191e-02
5.818535914916142526e-02
5.822079166583857268e-02
5.825525925337458194e-02
5.828675182221873530e-02
5.831531432151791650e-02
5.834099110836023228e-02
5.836583078857041085e-02
5.838386206297917214e-02
5.839716542998717175e-02
5.841174775255329743e-02
5.842168545525434215e-02
5.842704376133756039e-02
5.842788706056542547e-02
5.842622682367153847e-02
5.842210200467366082e-02
5.840975480132899050e-02
5.839699067664042009e-02
5.837999037119613599e-02
5.835881379271803254e-02
5.833161907550066250e-02
5.830038093340202121e-02
5.826515688935900855e-02
5.822600373935147428e-02
5.818484825175509328e-02
5.813799695159756892e-02
5.808367076513047678e-02
5.802935987622639957e-02
5.796770690476216181e-02
5.790063998778605114e-02
5.783371021250582195e-02
5.775782661170748844e-02
5.768035096795026684e-02
5.759589437957881447e-02
5.750814243844454277e-02
5.741355959565480616e-02
5.731758541975471438e-02
5.721491302548370461e-02
5.710916856514336448e-02
5.699863256225645020e-02
5.688336870478968160e-02
5.676343991074362522e-02
5.663716552065579252e-02
5.650809929404013859e-02
5.637628175087720794e-02
5.623830734188709629e-02
5.609425520082700345e-02
5.594591314342926835e-02
5.579504195665708349e-02
5.563998256646707913e-02
5.547741108421901796e-02
5.531247297661348594e-02
5.514688134172134742e-02
5.497396835311278707e-02
5.479715516731848562e-02
5.461483636629683308e-02
5.443369190531093665e-02
5.424384157536366047e-02
5.405031177419368504e-02
5.385315294891090954e-02
5.365241494765753127e-02
5.344814702725670524e-02
5.324201339318018755e-02
5.302921554484481270e-02
5.281464760721518020e-02
5.259674101375459709e-02
5.237395042264025857e-02
5.214951106635101058e-02
5.192029055980058871e-02
5.168949961008755672e-02
5.145402809440478148e-02
5.121706247909150328e-02
5.097551467432863415e-02
5.073254718580865602e-02
5.048663947311327754e-02
5.023783326088122198e-02
4.998770332262846700e-02
4.973321071613216043e-02
4.947745335596356181e-02
4.921893069622698680e-02
4.895767636243218701e-02
4.869372360428756569e-02
4.842860699911701733e-02
4.816084661422262436e-02
4.789047468543652930e-02
4.762049442303636221e-02
4.734498410933667134e-02
4.707138224246960878e-02
4.679526290146389378e-02
4.651812150753095038e-02
4.623851341772405171e-02
4.595792313583886568e-02
4.567636510729503746e-02
4.539385361088155157e-02
4.510896368018794955e-02
4.482459246857778412e-02
4.453788059352111611e-02
4.425028068918414326e-02
4.396322522935985910e-02
4.367529850942512143e-02
4.338651369770182842e-02
4.309828815682086728e-02
4.280782120451066819e-02
4.251792944307179745e-02
4.222861101959705238e-02
4.193986408620978268e-02
4.164754590355717462e-02
4.135719950506040049e-02
4.106743785379637218e-02
4.077825897778337289e-02
4.048966091149195506e-02
4.020028483121299706e-02
3.991284712879446944e-02
3.962463669698820107e-02
3.933700839070893018e-02
3.904996020733628170e-02
3.876482417353591114e-02
3.848025528022214203e-02
3.819625161421719844e-02
3.791149067629869668e-02
3.762861618276507752e-02
3.734892469702640744e-02
3.706977327991126808e-02
3.679506918091905721e-02
3.651957694197899978e-02
3.624460231935276722e-02
3.597143312688060729e-02
3.570005186312864842e-02
3.542915908857407342e-02
3.516258153490127436e-02
3.489645712133501027e-02
3.463331878627219640e-02
3.436807805711687008e-02
3.410831845540845952e-02
3.385147297971139585e-02
3.359500806260973249e-02
3.334141590916466641e-02
3.309066795860763494e-02
3.284025580672881445e-02
3.259388373491575730e-02
3.234904782544452406e-02
3.210696056658798175e-02
3.186881870263366667e-02
3.163214314430841390e-02
3.139691898267227277e-02
3.116676817800531976e-02
3.093680765929865753e-02
3.071064815012042662e-02
3.048825226633999214e-02
3.026718946225369009e-02
3.004863895215640485e-02
2.983376486379021517e-02
2.962253107290422835e-02
2.941372022622082069e-02
2.920848597018749562e-02
2.900444497419881959e-02
2.880392547703819472e-02
2.860805957768386421e-02
2.841331298938616634e-02
2.822315182810800072e-02
2.803637581713480653e-02
2.785064755647205514e-02
2.766940110576392164e-02
2.749144807858306186e-02
2.731675608972764652e-02
2.714529306184280955e-02
2.697702722219949556e-02
2.681079645457976751e-02
2.664883438717511113e-02
2.649109960822262563e-02
2.633531077612848159e-02
2.618256472788999673e-02
2.603505795425259742e-02
2.588830086388322141e-02
2.574671021410044822e-02
2.560803042805506399e-02
2.547223291208334031e-02
2.533929017127942857e-02
2.521136097752369604e-02
2.508512983043386518e-02
2.496166649565196433e-02
2.484311060207694544e-02
2.472725710805234386e-02
2.461300397283366914e-02
2.450462797249571695e-02
2.439886505960829274e-02
2.429569035286684858e-02
2.419614260970915504e-02
2.409912758803890373e-02
2.400567814765626473e-02
2.391470698482248483e-02
2.382724110889070795e-02
2.374324762457195523e-02
2.366060512236360658e-02
2.358346516463865131e-02
2.350762429747027885e-02
2.343617463056820241e-02
2.336597936603284839e-02
2.330011256459037228e-02
2.323648227873385125e-02
2.317608982330437647e-02
2.311788491941725240e-02
2.306286328209509323e-02
2.301099498996923495e-02
2.296123952503709154e-02
2.291559220243985159e-02
2.287200511151934318e-02
2.283045822044632578e-02
2.279292981654185146e-02
2.275639427128629128e-02
2.272183412850864101e-02
2.269022046519886260e-02
2.266251301660160769e-02
2.263572185678582732e-02
2.261180041114781852e-02
2.258974272057900218e-02
2.257050655560852506e-02
2.255309204551892571e-02
2.253845170355568001e-02
2.252462401885663851e-02
2.251449441218902198e-02
2.250610455518151087e-02
2.249943720402292416e-02
2.249447526946679946e-02
2.249120181532820312e-02
2.249055122270181631e-02
2.249155077541817316e-02
2.249418652979517236e-02
2.249844516152050070e-02
2.250431345791971752e-02
2.251084058558721138e-02
2.251989166734931491e-02
2.252958098679243640e-02
2.254269307896658928e-02
2.255549077483157833e-02
2.257075093067788946e-02
2.258660929744672752e-02
2.260398067379571982e-02
2.262376959443666499e-02
2.264229915607671520e-02
2.266322710199895202e-02
2.268562459597183931e-02
2.270857309500832338e-02
2.273206834726348990e-02
2.275700772903343008e-02
2.278158136880461052e-02
2.280937902868674858e-02
2.283590366109711917e-02
2.286384105150505650e-02
2.289229060923397494e-02
2.292124837794620729e-02
2.295159473642196732e-02
2.298155475596086114e-02
2.301201131766538246e-02
2.304296059098949120e-02
2.307352413076730127e-02
2.310632210381120127e-02
2.313785695921470251e-02
2.317074175475581505e-02
2.320323541046161522e-02
2.323620412302546470e-02
2.326792333766058637e-02
2.330097778708889109e-02
2.333278946060319756e-02
2.336507561545126538e-02
2.339698145088033379e-02
2.342935914692055935e-02
2.346135851141719839e-02
2.349298281046257805e-02
2.352507734325804192e-02
2.355595894486173236e-02
2.358563757404829112e-02
2.361495842367131170e-02
2.364475768492376936e-02
2.367420091226124512e-02
2.370246253884741514e-02
2.373037902336673152e-02
2.375795508192838495e-02
2.378437366493055954e-02
2.380964627431953612e-02
2.383541975042223482e-02
2.385843020895741032e-02
2.388276885286155782e-02
2.390437119831989587e-02
2.392649766393554686e-02
2.394672544403984860e-02
2.396587668934726731e-02
2.398556774252236928e-02
2.400259401461841968e-02
2.401937446500722328e-02
2.403432037867817353e-02
2.404903728124714243e-02
2.406194462173177548e-02
2.407384915661035102e-02
2.408476106312588613e-02
2.409390424387449631e-02
2.410207896903775182e-02
2.410851301473452418e-02
2.411400236356952761e-02
2.411777863729213517e-02
2.412140965039520635e-02
2.412180259015035688e-02
2.412130112543128466e-02
2.412145480644122680e-02
2.411765219105960548e-02
2.411299078632998111e-02
2.410747963674653160e-02
2.409960318913520819e-02
2.409090263776756530e-02
2.408062837842735518e-02
2.406803845248549692e-02
2.405466205591289680e-02
2.403900245559855570e-02
2.402183022311834767e-02
2.400315936676376133e-02
2.398375069287176156e-02
2.396212227796310282e-02
2.393903659930525854e-02
2.391376594681825229e-02
2.388632936978565477e-02
2.385748331845454623e-02
2.382871239122712551e-02
2.379634933579029277e-02
2.376261977176214249e-02
2.372753656205005626e-02
2.369111246668297033e-02
2.365263356212431861e-02
2.361139293541903925e-02
2.357030540072067859e-02
2.352648772664066995e-02
2.348212075905777366e-02
2.343505836096617528e-02
2.338603882568191308e-02
2.333507917194552889e-02
2.328362080672767218e-02
2.322953843517816183e-02
2.317356272532094391e-02
2.311641720303265687e-02
2.305740777159638252e-02
2.299795779563887019e-02
2.293596762909906606e-02
2.287145849316460713e-02
2.280584822345360294e-02
2.273984416855672971e-02
2.267136686182261510e-02
2.260182355874720828e-02
2.252984144835218361e-02
2.245682077480261676e-02
2.238208348569242084e-02
2.230495812200214770e-02
2.222751942806519554e-02
2.214772255359732239e-02
2.206626885358351289e-02
2.198453292230851883e-02
2.190048449483525395e-02
2.181549633263309834e-02
2.172890283195643910e-02
2.164071824544476497e-02
2.155162854952915111e-02
2.146030250503428924e-02
2.136876472843675379e-02
2.127435136565709872e-02
2.117974744158107950e-02
2.108362936194531356e-02
2.098534840515638156e-02
2.088690480158405041e-02
2.078698421623680764e-02
2.068559990128808479e-02
2.058342100576271774e-02
2.047914703348534954e-02
2.037475428818337139e-02
2.026959501798449373e-02
2.016367740372491599e-02
2.005636127286172452e-02
1.994701249061555867e-02
1.983822912509092262e-02
1.972743470377310085e-02
1.961592884159727226e-02
1.950371723543558797e-02
1.939016632363792236e-02
1.927528620067548923e-02
1.916099559412775405e-02
1.904475209848665446e-02
1.892783662161338573e-02
1.881025458474720399e-02
1.869264170350805332e-02
1.857374119026884360e-02
1.845419015019542433e-02
1.833399384843878085e-02
1.821315751190008894e-02
1.809044018551309030e-02
1.797020708733963745e-02
1.784748019752611589e-02
1.772475258393667319e-02
1.760140766674997415e-02
1.747745046427567200e-02
1.735350048077167334e-02
1.722894532434370365e-02
1.710378991978844104e-02
1.697864946956112453e-02
1.685291572766666954e-02
1.672659352743807726e-02
1.660150610913409264e-02
1.647462198387433102e-02
1.634836774494265524e-02
1.622213785953478815e-02
1.609533227748005668e-02
1.596855498104296500e-02
1.584240449543553725e-02
1.571508757099492060e-02
1.558780336185778582e-02
1.546114632244924118e-02
1.533392785764534604e-02
1.520792621596554241e-02
1.508018444761511506e-02
1.495365792072944969e-02
1.482775197016220244e-02
1.470187723980693334e-02
1.457544963810935949e-02
1.445022359987223684e-02
1.432444575714047173e-02
1.419928199509952298e-02
1.407414952070670106e-02
1.395020515069442073e-02
1.382628798056498298e-02
1.370239855393769711e-02
1.357968579241825881e-02
1.345699542799250366e-02
1.333375493177515331e-02
1.321281983229181424e-02
1.309132805102882283e-02
1.297041861415092374e-02
1.285065378667346082e-02
1.273202538986923510e-02
1.261339681226577095e-02
1.249476741773142968e-02
1.237726011696623114e-02
1.226030636131473367e-02
1.214222393542922426e-02
1.202748432395636495e-02
1.191216688982607054e-02
1.179849738827762166e-02
1.168480105556269841e-02
1.157273712713954329e-02
1.146119022116676676e-02
1.135015629938562927e-02
1.124073063977219268e-02
1.113125675358931158e-02
1.102282880200282714e-02
1.091543931814118081e-02
1.080962578839311100e-02
1.070374613501926843e-02
1.059942774984042220e-02
1.049611845983045022e-02
1.039327082015368241e-02
1.029195926545986919e-02
1.019109737611524104e-02
1.009175503979420352e-02
9.993386162394245556e-03
9.895983759606818975e-03
9.799540893470461492e-03
9.704582849893811369e-03
9.610037292181907234e-03
9.516960647672871587e-03
9.425342778034076149e-03
9.334118289761120235e-03
9.244336979206006777e-03
9.155463460339546833e-03
9.068539796344065804e-03
8.982506413104171875e-03
8.897356860216672561e-03
8.813605721929657077e-03
8.730723442302577506e-03
8.648184910859684285e-03
8.568057952924442930e-03
8.488776680081041789e-03
8.410850443469279625e-03
8.334269813649161987e-03
8.258512040687988540e-03
8.184083326877531969e-03
8.110463180296395916e-03
8.038155753239611262e-03
7.967660977378889300e-03
7.897442482572278322e-03
7.829525469281124750e-03
7.762376869740076485e-03
7.695990925143410440e-03
7.631369544081506237e-03
7.567998002205174671e-03
7.505867547034255835e-03
7.444468793770725457e-03
7.384795515305916415e-03
7.325838778866750924e-03
7.268090734316374688e-03
7.212039463401970392e-03
7.157177925357402493e-03
7.103003231018125731e-03
7.050003624463568527e-03
6.998170837424859229e-03
6.947988137816741953e-03
6.898953865522729212e-03
6.851059919427439186e-03
6.804298250259415912e-03
6.758173387086724784e-03
6.714139802679784663e-03
6.670727181715815565e-03
6.628415151867579624e-03
6.587195917733662184e-03
6.547544262863989883e-03
6.508486452748900829e-03
6.470978924790968256e-03
6.434051961212884987e-03
6.398179561265802430e-03
6.363831882901183068e-03
6.330521881542244128e-03
6.298242158830052312e-03
6.266985363403310139e-03
6.236744190575287117e-03
6.207038517624993007e-03
6.178807811513076925e-03
6.152042054219099623e-03
6.125791247240048969e-03
6.100520228408671218e-03
6.076221966437954543e-03
6.052889474521959585e-03
6.030515810031928867e-03
6.009094265562822147e-03
5.988154527461726079e-03
5.968620669956163464e-03
5.950021711694679534e-03
5.932813690150640085e-03
5.916066824200741717e-03
5.899778323595525863e-03
5.883027609515748511e-03
5.868565340720438041e-03
5.855006624578979087e-03
5.841889858489024076e-03
5.829667642481758082e-03
5.818334614722289223e-03
5.807885445206543117e-03
5.797409639842968435e-03
5.788262395420100057e-03
5.779984977765635114e-03
5.772122238784352724e-03
5.764671643420364588e-03
5.758527019019947339e-03
5.752786005072616990e-03
5.747446126913444836e-03
5.742950474795328192e-03
5.738849314436167935e-03
5.735140222638237389e-03
5.733592589488399963e-03
5.731099063534766773e-03
5.728988714008492918e-03
5.727699554095988868e-03
5.726787158546370153e-03
5.725371872101111745e-03
5.725645563880301520e-03
5.725850422466610516e-03
5.727295082053890894e-03
5.728666371738368700e-03
5.730399013007768209e-03
5.732490770866382687e-03
5.735372195691525350e-03
5.738606642085089353e-03
5.741329701405633971e-03
5.745265293290992455e-03
5.749117917594991078e-03
5.753316527238181571e-03
5.758286792203585330e-03
5.762743137266891288e-03
5.767966886441031060e-03
5.773528118369774913e-03
5.778575625557714340e-03
5.784383421210226132e-03
5.790101119453718373e-03
5.796151362813456616e-03
5.802532878141660952e-03
5.808403483376987052e-03
5.814606334506576026e-03
5.820721373798598899e-03
5.827168021571343427e-03
5.833945166932549484e-03
5.841468276346310252e-03
5.848486531027420783e-03
5.855418546542059260e-03
5.862265569202948848e-03
5.869442278733278534e-03
5.875709578957456422e-03
5.882720906361404468e-03
5.889650596553918857e-03
5.896089514232453685e-03
5.903269901441853505e-03
5.909961913731122916e-03
5.916577084107465904e-03
5.923523876682700376e-03
5.929581605412299894e-03
5.935973289559854163e-03
5.942697810663562577e-03
5.948541278677841118e-03
5.954719869718759495e-03
5.960426944798531516e-03
5.966469891063545285e-03
5.971643785847863782e-03
5.976755241445357893e-03
5.982205128113143346e-03
5.986795182336965455e-03
5.991327517085687053e-03
5.995803192822902680e-03
6.000223262782021678e-03
6.004192665868613929e-03
6.008110005763326981e-03
6.011581656730515671e-03
6.014610811954542759e-03
6.017593849631461440e-03
6.020139279634454353e-03
6.022642008950443611e-03
6.025103011087211413e-03
6.026742587783147538e-03
6.027565976827031942e-03
6.029134020463848727e-03
6.029890589834290340e-03
6.030228348952127067e-03
6.030537111564036531e-03
6.030431692459222934e-03
6.029915088236226760e-03
6.028990302645116997e-03
6.028428392312188550e-03
6.026695114356535841e-03
6.024945504832701984e-03
6.022416733840153628e-03
6.019876342698841920e-03
6.016944759159990712e-03
6.013624989418435603e-03
6.009540866005448623e-03
6.005454353692365674e-03
6.000610772694984357e-03
5.996146436136179196e-03
5.990554447762813303e-03
5.984593287960957020e-03
5.978640922848315470e-03
5.972323782270005585e-03
5.965270969118335008e-03
5.957860398638823926e-03
5.950467293726349749e-03
5.942348959012068617e-03
5.933881250424523357e-03
5.925066928850220363e-03
5.915538973529223081e-03
5.906040300786962599e-03
5.895834746049544162e-03
5.885294765575442566e-03
5.874423034403203521e-03
5.863222211767487625e-03
5.851694941196991170e-03
5.839113449898923613e-03
5.826942442167318270e-03
5.814088908799293874e-03
5.800557356935890155e-03
5.787077527636890623e-03
5.772926064333406930e-03
5.758468763000201308e-03
5.743708134928244939e-03
5.728646676601386462e-03
5.713286869787545519e-03
5.697272357412727639e-03
5.680965673128110169e-03
5.664369250146785058e-03
5.647485507347674120e-03
5.629604208493462804e-03
5.612154269499844590e-03
5.594069100584540821e-03
5.575707379742623690e-03
5.556717607888273652e-03
5.537810415827556197e-03
5.518281046376738268e-03
5.498837536028453737e-03
5.478425638786987156e-03
5.458453784245403256e-03
5.437869434249212666e-03
5.417025605114433179e-03
5.395574949066762015e-03
5.373869243569202869e-03
5.352257843365740113e-03
5.330393374317302091e-03
5.307584292194279796e-03
5.285219614340398719e-03
5.262261211816038516e-03
5.239057198648950676e-03
5.215953303638254900e-03
5.192262098478337036e-03
5.167986880193788796e-03
5.144158187023880995e-03
5.119748507644105925e-03
5.095443599419658721e-03
5.070902540238396948e-03
5.045786734185471120e-03
5.020778412709973881e-03
4.995538382415649382e-03
4.970068108448434489e-03
4.944369047999525903e-03
4.918105449660340953e-03
4.892290356925883474e-03
4.865913601326047472e-03
4.839984784517515487e-03
4.813497157485652905e-03
4.787122544857712325e-03
4.760193083013983077e-03
4.733378314487676243e-03
4.706345282750603112e-03
4.679427476706523974e-03
4.652293058137166142e-03
4.625274387519976577e-03
4.598040739343852920e-03
4.570593480940041663e-03
4.543263288796139422e-03
4.515721093947836808e-03
4.488296458750407579e-03
4.460661413120432274e-03
4.433144410923009135e-03
4.405745143127748342e-03
4.377811257774564396e-03
4.350322146820005155e-03
4.322625997909806950e-03
4.295048520152888738e-03
4.267265548701784650e-03
4.239924916673550384e-03
4.212055863571304883e-03
4.184627417700765260e-03
4.156993650035270722e-03
4.129476429145892413e-03
4.102074851977447617e-03
4.075108129608098588e-03
4.047934621228397277e-03
4.020555027390583167e-03
3.993607094543692032e-03
3.966452366083019453e-03
3.939726490560869002e-03
3.912793123596110256e-03
3.886285826148117538e-03
3.859886264847519222e-03
3.833593585570221809e-03
3.806777194448760816e-03
3.780696768984642079e-03
3.754406848652521583e-03
3.728534792787495736e-03
3.702765415062035312e-03
3.677097889384459573e-03
3.651531394239283541e-03
3.626065112660876652e-03
3.601009006926124672e-03
3.576050481251417511e-03
3.551498498712737928e-03
3.526732234219370765e-03
3.502369920887531130e-03
3.477484504506818570e-03
3.453309224382005490e-03
3.429225794529664438e-03
3.405846958354836595e-03
3.382250189895660234e-03
3.359965043292710476e-03
3.337153212806356559e-03
3.314426475970721261e-03
3.292088379480812097e-03
3.269832922920989059e-03
3.247659379894948795e-03
3.226172660105091922e-03
3.204462135405715222e-03
3.183132242142018651e-03
3.162180818764217562e-03
3.141605714656443837e-03
3.121104398503745173e-03
3.100676185569133537e-03
3.080619824869314065e-03
3.060933202017379444e-03
3.041614213294139505e-03
3.022362745668431307e-03
3.003773065737647043e-03
2.984950394935107724e-03
2.966488516259358811e-03
2.948385231786542198e-03
2.930933984036068925e-03
2.913540869121575110e-03
2.896205132669218713e-03
2.879220247212336582e-03
2.862584067103208021e-03
2.846294457650053785e-03
2.830349295057206331e-03
2.814746466365656077e-03
2.799191969026537316e-03
2.784267973450048426e-03
2.769389057053405108e-03
2.754845046738872878e-03
2.740662885835013895e-03
2.726840384898794167e-03
2.713230790653635514e-03
2.699976965340672181e-03
2.686961454344795591e-03
2.674182653625235308e-03
2.661753902529776384e-03
2.649615695665436411e-03
2.637737541646153084e-03
2.626174934748239532e-03
2.614897357461637688e-03
2.603931499976938190e-03
2.593275418587234673e-03
2.582898758716406246e-03
2.572828105635047245e-03
2.563033212503838896e-03
2.553540594805576297e-03
2.544291868693109807e-03
2.535341811981555761e-03
2.526688547594194405e-03
2.518330207945370606e-03
2.510236865716739072e-03
2.502406802605246141e-03
2.494866291345944863e-03
2.487585562184660426e-03
2.480562923178223928e-03
2.473852396490098041e-03
2.467368620094538383e-03
2.461137823823506769e-03
2.455186074229631383e-03
2.449483912687859880e-03
2.444002059874062546e-03
2.438821800121950770e-03
2.433886206591198698e-03
2.429166449555581961e-03
2.424688872791287524e-03
2.420452229689800186e-03
2.416455279573630818e-03
2.412642100744553323e-03
2.409120921756129161e-03
2.405808488871082670e-03
2.402676491366399249e-03
2.399805497002372931e-03
2.397112768806143601e-03
2.394732824372449755e-03
2.392474727529185236e-03
2.390445829677236358e-03
2.388591005183854019e-03
2.386963180252380488e-03
2.385534292298930204e-03
2.384249599371968033e-03
2.383161919226817888e-03
2.382243448538996777e-03
2.381493277126754855e-03
2.380937184995062742e-03
2.380547504159530748e-03
2.380323337673496964e-03
2.380237227680514524e-03
2.380341456168835138e-03
2.380529078039868556e-03
2.380931798740201777e-03
2.381442880767427415e-03
2.382088056191780916e-03
2.382892901803072058e-03
2.383777692750397529e-03
2.384820665605357024e-03
2.385968547185569888e-03
2.387220719930948417e-03
2.388602698968939238e-03
2.390087664892037202e-03
2.391648957658735856e-03
2.393338114060746154e-03
2.395102466968156499e-03
2.396941532921236743e-03
2.398854830839468148e-03
2.400867740129981279e-03
2.402953849411453707e-03
2.405061122314293247e-03
2.407266546161953256e-03
2.409543831915892612e-03
2.411841179070692807e-03
2.414235237097294741e-03
2.416623066156634546e-03
2.419081270654934238e-03
2.421533172806507837e-03
2.424055477320373377e-03
2.426571797070689596e-03
2.429158609008998018e-03
2.431765114898484185e-03
2.434366142814001384e-03
2.436936668881453053e-03
2.439527575618084809e-03
2.442063366936796445e-03
2.444670421379471596e-03
2.447197814423996906e-03
2.449746557310376709e-03
2.452191454910233881e-03
2.454908677487877867e-03
2.457347379782198662e-03
2.459758606535696491e-03
2.462391937249980289e-03
2.464748926015486626e-03
2.467079513116513748e-03
2.469384052423019733e-03
2.471662895911268688e-03
2.473916393673863522e-03
2.476144893929716709e-03
2.478348743033966829e-03
2.480528285487838738e-03
2.482683863948446923e-03
2.484815819238541182e-03
2.486679229133785616e-03
2.488520402426955616e-03
2.490339672182505671e-03
2.491648973773226503e-03
2.493426134282732045e-03
2.494695392350300151e-03
2.495945465280359227e-03
2.497176672740663780e-03
2.498146891538082209e-03
2.499583761317706893e-03
2.500518529475047325e-03
2.501194992726540715e-03
2.502096599070485154e-03
2.502741208805214605e-03
2.503370521396995011e-03
2.503744825261436900e-03
2.504105121443064332e-03
2.504451706154806057e-03
2.504545890089903640e-03
2.504388991200628273e-03
2.504220622798056760e-03
2.504041070331758899e-03
2.503613018299757128e-03
2.503175159470284912e-03
2.502490960387118366e-03
2.501561842128071072e-03
2.500861761373898012e-03
2.499682305215036870e-03
2.498261484867827197e-03
2.497306494448061839e-03
2.495641061256132377e-03
2.494206969736830880e-03
2.492535072619581939e-03
2.490626747612514989e-03
2.488249761844977832e-03
2.486106292960689208e-03
2.483729831571584220e-03
2.481354347962658104e-03
2.478515630795171450e-03
2.475679926942372412e-03
2.472615958582414890e-03
2.469556365043071647e-03
2.466270513750306193e-03
2.462990383877521321e-03
2.459255651794737575e-03
2.455758629883953749e-03
2.451809622714972575e-03
2.447640263373092491e-03
2.443709934542680727e-03
2.439331828255039518e-03
2.434736593987006127e-03
2.430153594396240995e-03
2.425355379327786328e-03
2.420343216816456429e-03
2.415572631588455092e-03
2.410362536631344057e-03
2.404941633071375120e-03
2.399537351376324935e-03
2.393698251044096628e-03
2.387877621434431746e-03
2.381850510804211889e-03
2.375843074495182037e-03
2.369630979975168028e-03
2.363215444174784734e-03
2.356597678461278250e-03
2.350002573839894346e-03
2.342983650897693254e-03
2.336212233765905342e-03
2.328796627430298853e-03
2.321629670369340301e-03
2.314266410850783235e-03
2.306708025842803354e-03
2.299177185161093828e-03
2.291231511360059241e-03
2.283314720867480989e-03
2.275426852825852136e-03
2.267347629068230518e-03
2.259077995258295876e-03
2.250399180249692925e-03
2.241971259616092668e-03
2.233355139604598950e-03
2.224551751415785889e-03
2.215780533890271929e-03
2.206823301058416162e-03
2.197463059043394933e-03
2.188354469403194259e-03
2.178844700591026258e-03
2.169586624925030384e-03
2.159929187932390238e-03
2.150307046573851719e-03
2.140720216576493320e-03
2.130521178026908123e-03
2.120790344760909926e-03
2.110880192723851943e-03
2.100791610970240402e-03
2.090310809096689558e-03
2.080082695387886621e-03
2.069678215017662672e-03
2.059312048318612341e-03
2.048770684151198038e-03
2.038268219432360934e-03
2.027591717287013668e-03
2.016763307018828305e-03
2.005996127981387114e-03
1.995099221700693572e-03
1.984221527123767367e-03
1.973215070756016883e-03
1.962143898701071421e-03
1.951008431514463003e-03
1.939872284756011559e-03
1.928609396517511499e-03
1.917325481851729196e-03
1.905999803776999187e-03
1.894653642289557743e-03
1.883245389186021055e-03
1.871796349521609578e-03
1.860327714753919190e-03
1.848818881283308384e-03
1.837270168836539156e-03
1.825723466487928813e-03
1.814137409293638649e-03
1.802533042906610599e-03
1.790910554885380424e-03
1.779269957056575690e-03
1.767631865033020885e-03
1.755975545010688603e-03
1.744300965892367668e-03
1.732628662093421918e-03
1.720958521213493452e-03
1.709290431436120148e-03
1.697603797936814282e-03
1.685959960825391150e-03
1.674276929835154769e-03
1.662615964885947066e-03
1.650956500561606352e-03
1.639339125614094721e-03
1.627783892881502509e-03
1.616188979680007430e-03
1.604635513294091348e-03
1.593102986447277481e-03
1.581591214447287431e-03
1.570140390035699735e-03
1.558689685799084877e-03
1.547259134644395724e-03
1.535888773174651700e-03
1.524538097924593109e-03
1.513226985947380056e-03
1.501975210058299759e-03
1.490762431991059320e-03
1.479588397100080246e-03
1.468472803268884097e-03
1.457415319919880400e-03
1.446395718580485322e-03
1.435453496126915755e-03
1.424548553459136033e-03
1.413720286430670886e-03
1.402948498174887192e-03
1.392232866581228409e-03
1.381612559554906911e-03
1.371067385149973448e-03
1.360498483646139763e-03
1.350063185503672190e-03
1.339701943299452655e-03
1.329414367229102495e-03
1.319180478026025539e-03
1.309039096750330743e-03
1.298989762433615334e-03
1.288992985678238555e-03
1.279087440549061790e-03
1.269292136314513486e-03
1.259567664632877879e-03
1.249952478332188232e-03
1.240387866189360819e-03
1.230950901275147582e-03
1.221582864254390846e-03
1.212321911388463107e-03
1.203128842415860733e-03
1.194060984072976579e-03
1.185079165939310160e-03
1.176202065405461536e-03
1.167448263656008667e-03
1.158778746377393766e-03
1.150154698466471529e-03
1.141633090825314254e-03
1.133232416515618296e-03
1.124952004860809481e-03
1.116791188018365858e-03
1.108711260881862408e-03
1.100711706800639378e-03
1.092829954500854680e-03
1.085084294196574052e-03
1.077436152551057916e-03
1.069903849480447660e-03
1.062448985732099369e-03
1.055108761423101784e-03
1.047920187342718740e-03
1.040807265691661744e-03
1.033807060549738919e-03
1.026918936304430617e-03
1.020142260020697605e-03
1.013495109673069345e-03
1.006920732914149850e-03
1.000455968546153139e-03
9.941374688504898711e-04
9.878900173871164349e-04
9.817874995373301449e-04
9.757548923208595728e-04
9.698658983985188661e-04
9.640827278192391249e-04
9.584232707658458562e-04
9.528499061454019561e-04
9.473805525394694187e-04
9.420514652636931968e-04
9.368066968189668825e-04
9.316824846249386781e-04
9.266414523081567154e-04
9.217380848026652867e-04
9.169533459407616877e-04
9.122500051825326549e-04
9.076640822971475875e-04
9.031766866233873793e-04
8.988054623976529612e-04
8.945315867143679035e-04
8.903363979345590377e-04
8.862921060501161756e-04
8.823255224186596487e-04
8.784724655626431665e-04
8.747143212913522075e-04
8.710506296811870242e-04
8.674809326550891268e-04
8.640408086253250665e-04
8.606936790619916901e-04
8.574211189988393492e-04
8.542765958087774822e-04
8.511878147806865988e-04
8.482260859398850841e-04
8.453550635928277265e-04
8.425564429011958090e-04
8.398655277430640623e-04
8.372639947037745179e-04
8.347158148543875038e-04
8.323095515273958456e-04
8.299735662800934721e-04
8.277252219420120445e-04
8.255463796397112964e-04
8.234720477949366343e-04
8.214840691384700522e-04
8.195643752067836678e-04
8.177126069229566146e-04
8.159460060196978802e-04
8.142641515398523714e-04
8.126666242066187679e-04
8.111004023423797190e-04
8.096528293681405771e-04
8.082708866948878001e-04
8.069891665350212686e-04
8.057373974966443786e-04
8.045676451067800168e-04
8.034620947571250111e-04
8.024030184263263640e-04
8.014422302305557319e-04
8.005272345381450778e-04
7.996577561434005561e-04
7.988681222056193175e-04
7.981233743703213934e-04
7.974232410564976916e-04
7.967846893926278703e-04
7.961901705822846311e-04
7.956738080321800084e-04
7.952008597819680905e-04
7.947710601490701838e-04
7.943841445470428220e-04
7.940398778260980171e-04
7.937552308903894280e-04
7.934959070692043257e-04
7.932789269056340778e-04
7.931212286070476103e-04
7.929886401702385471e-04
7.928641431139741257e-04
7.928156429987668523e-04
7.927920822821832997e-04
7.927765041357214774e-04
7.928196620280754262e-04
7.928707440632723567e-04
7.929635152085619471e-04
7.930641929393783497e-04
7.932064611006041724e-04
7.933734241680230745e-04
7.935482674716171601e-04
7.937645537202538647e-04
7.939887026068165061e-04
7.942207454296611353e-04
7.944941243066483893e-04
7.947753792840796814e-04
7.950478757312160654e-04
7.953616412192315377e-04
7.956500837302344026e-04
7.959797767822034912e-04
7.963174593322375552e-04
7.966300286419885149e-04
7.969672732369855427e-04
7.973126366167623434e-04
7.976661483175824345e-04
7.979948621447118537e-04
7.983483293649410763e-04
7.986936228437593746e-04
7.990472589926235665e-04
7.993928566138332583e-04
7.997141121105408833e-04
8.000602823793700026e-04
8.003659312016901239e-04
8.006639244054111195e-04
8.009706598033041391e-04
8.012698707145084849e-04
8.015453672418006333e-04
8.017972910126968311e-04
8.020582549097901321e-04
8.022958510613371419e-04
8.024940219214073481e-04
8.027015000862336653e-04
8.028859911098153472e-04
8.030476335423388000e-04
8.031704572650848152e-04
8.033030318954681491e-04
8.033972099959407406e-04
8.034693296360407005e-04
8.035196063535974750e-04
8.035322274920375001e-04
8.035394800722387224e-04
8.035095410370887139e-04
8.034586494473646518e-04
8.033710637819376204e-04
8.032470499313552632e-04
8.031187030225249782e-04
8.029384855630276136e-04
8.027225940469529756e-04
8.024712901227598226e-04
8.022165165159993692e-04
8.019109541817651468e-04
8.015549169809644712e-04
8.011802892168740520e-04
8.007872721783626004e-04
8.003445679143454672e-04
7.998839475021921963e-04
7.993741841519861344e-04
7.988155848500561084e-04
7.982241316140343884e-04
7.976000745226940938e-04
7.969436626291446319e-04
7.962395220774573469e-04
7.955191617174247817e-04
7.947204301748319070e-04
7.939060056257396048e-04
7.930449782087917654e-04
7.921531764312952223e-04
7.912153280104215107e-04
7.902317272876419659e-04
7.892181457121498706e-04
7.881593613821281886e-04
7.870556652284333658e-04
7.859381968984176237e-04
7.847455098220288815e-04
7.835549454304293650e-04
7.822897717711920157e-04
7.809964427987055270e-04
7.796598532171906222e-04
7.782802861287261903e-04
7.768580235091780651e-04
7.754086302437161564e-04
7.739018005302230729e-04
7.723531145317180224e-04
7.707628497648334005e-04
7.691312739595587526e-04
7.674738160360704926e-04
7.657754668124889521e-04
7.640364479413229784e-04
7.622569802244999861e-04
7.604524114235209058e-04
7.585926878255977923e-04
7.566780793320188134e-04
7.547540836230422516e-04
7.527756370515544275e-04
7.507580488025045965e-04
7.487015338181680002e-04
7.466213141661529919e-04
7.445175521259723159e-04
7.423454874363625893e-04
7.401503046793796734e-04
7.379172238544314541e-04
7.356464550961137449e-04
7.333531140785873531e-04
7.310075798086340367e-04
7.286398559282390936e-04
7.262500990423776054e-04
7.237939475957819255e-04
7.213309972720553624e-04
7.188317409541227811e-04
7.163111717017658355e-04
7.137251253804900763e-04
7.111329275611683433e-04
7.085052017466368732e-04
7.058568716052053679e-04
7.031880877369135361e-04
7.004549310163336743e-04
6.977163920282948356e-04
6.949725700154297950e-04
6.921796426341657316e-04
6.893671037530084379e-04
6.865351001734111775e-04
6.836837781139374660e-04
6.807987082023262467e-04
6.778800843258736032e-04
6.749571846041887155e-04
6.720155778558552706e-04
6.690263871983277363e-04
6.660478279357635823e-04
6.630509896619380013e-04
6.599781673372929775e-04
6.569597050629754883e-04
6.538944955355702844e-04
6.508116018532173830e-04
6.477255607247687369e-04
6.446364468823240863e-04
6.415442707252847149e-04
6.384203274205376257e-04
6.352647067825035847e-04
6.321061340104486889e-04
6.289589052613279128e-04
6.257801087855258777e-04
6.225983744142256750e-04
6.194136963493905579e-04
6.162260688293519318e-04
6.130070398412701968e-04
6.097993201973011352e-04
6.065886653062347190e-04
6.033608933217182984e-04
6.001443664985246090e-04
5.969248874234126196e-04
5.936883211171569384e-04
5.904488224879442162e-04
5.871781892495665876e-04
5.839469230547538435e-04
5.807267442921286308e-04
5.774894973095092603e-04
5.743054058361715241e-04
5.710761316831004103e-04
5.678578313460665942e-04
5.646364631381611560e-04
5.614399723335135664e-04
5.582263824794041511e-04
5.550236237598616621e-04
5.518316455621934602e-04
5.486503974559750604e-04
5.454659301682961972e-04
5.423060068363794390e-04
5.391566633665586779e-04
5.360039964234707089e-04
5.328618402706853134e-04
5.297439689691626650e-04
5.266364797181120536e-04
5.235255300775810581e-04
5.204524515562979113e-04
5.173895786777242718e-04
5.143368630445610589e-04
5.112942564334390727e-04
5.082754295572754731e-04
5.053076977484575148e-04
5.023087454579383548e-04
4.993470300039959528e-04
4.963950964397141315e-04
4.934665424748864307e-04
4.905612770711841736e-04
4.876383529541417528e-04
4.847929614158031459e-04
4.819296701913311693e-04
4.791027416322009313e-04
4.762984213294323881e-04
4.735300979740720531e-04
4.707705203031635846e-04
4.680330927688131624e-04
4.653311621392180477e-04
4.626375662732839697e-04
4.599926062886237942e-04
4.573691358334738681e-04
4.547401248959529818e-04
4.521726415212547179e-04
4.496127615103853530e-04
4.471005723992054794e-04
4.445823095397803703e-04
4.421113870866892766e-04
4.396742191741141118e-04
4.372572778641563036e-04
4.348604186940534613e-04
4.325101208483324712e-04
4.301795610320136411e-04
4.278818797151945894e-04
4.256168922663233528e-04
4.233711598690464636e-04
4.211577823305576694e-04
4.189633503183416707e-04
4.168141491893025108e-04
4.146967568499858835e-04
4.126109926131233644e-04
4.105435059502011443e-04
4.085204724751672787e-04
4.065285289682828260e-04
4.045674973672477468e-04
4.026240855510148666e-04
4.007112592491994659e-04
3.988550161671647093e-04
3.970028052831027650e-04
3.951937125972683116e-04
3.934275224314307570e-04
3.916779565090890538e-04
3.899579011709065272e-04
3.882801883005265004e-04
3.866186241453616729e-04
3.849990323518597620e-04
3.834212014770293966e-04
3.818590219440895755e-04
3.803382372180680814e-04
3.788327935677592560e-04
3.773683856396590911e-04
3.759448277979506470e-04
3.745361765121487220e-04
3.731938049351252976e-04
3.718274713116294567e-04
3.705142451634817029e-04
3.692410802102136583e-04
3.679949846691226746e-04
3.667630210415042443e-04
3.655706677408261315e-04
3.644177487208379506e-04
3.632913279918533107e-04
3.622040179354378878e-04
3.611301764493052876e-04
3.600951508107700684e-04
3.590733531173306869e-04
3.581027725102621474e-04
3.571451545649059691e-04
3.562257423306192821e-04
3.553317103073291936e-04
3.544502862547649780e-04
3.536192635664761022e-04
3.528005883394855929e-04
3.519941703893419093e-04
3.512502751694837155e-04
3.505057775743315620e-04
3.497731905144318130e-04
3.491026240771672828e-04
3.484311504387580341e-04
3.477962918819571233e-04
3.471978831139207935e-04
3.466107638258219452e-04
3.460473322683167447e-04
3.455074634342818868e-04
3.449910327572744363e-04
3.444979161099222752e-04
3.440155564326155112e-04
3.435687100352596878e-04
3.431448078840545015e-04
3.427313326363900939e-04
3.423529650127569101e-04
3.419724368563121500e-04
3.416267735811579919e-04
3.413034722661313072e-04
3.409777499524274278e-04
3.406865187386221906e-04
3.403927030687518883e-04
3.401454331490884049e-04
3.398953914306201193e-04
3.396670715596727778e-04
3.394603657671678887e-04
3.392629643191919409e-04
3.390870790525920696e-04
3.389204357583102821e-04
3.387630158906505666e-04
3.386148009507571554e-04
3.385366754929753155e-04
3.383824165895064624e-04
3.382859801551100338e-04
3.381864822338270663e-04
3.381082037545924584e-04
3.380389708606957428e-04
3.379787654902473163e-04
3.379275696267659682e-04
3.378974469468882798e-04
3.378642039445027816e-04
3.378519737873370769e-04
3.378245673454502115e-04
3.378301707436888912e-04
3.378206112691351502e-04
3.378319690873869143e-04
3.378401978681955741e-04
3.378573003550824948e-04
3.378952306824926964e-04
3.379180559899445458e-04
3.379497264755882227e-04
3.379902245908498592e-04
3.380276094297186254e-04
3.380738110200770378e-04
3.381288118897108285e-04
3.381688199611382318e-04
3.382176404549445893e-04
3.382752559204817698e-04
3.383297975395060681e-04
3.383931232291803701e-04
3.384415604964781496e-04
3.384869790639159163e-04
3.385412009577259745e-04
3.385924168553014978e-04
3.386524250000099530e-04
3.386859032876968927e-04
3.387164535420520328e-04
3.387558383333634407e-04
3.387923073364209389e-04
3.388375995182508343e-04
3.388565693363927646e-04
3.388727002040941324e-04
3.388976956846777842e-04
3.389081897484806693e-04
3.389042349446484866e-04
3.389091926373479446e-04
3.388998020438294448e-04
3.388877853738607904e-04
3.388732020133727787e-04
3.388329020924391705e-04
3.388017927722457561e-04
3.387451538024318872e-04
3.386978224027811834e-04
3.386367054093616350e-04
3.385503483636532075e-04
3.384734839432317305e-04
3.383830872331172572e-04
3.382677372326257557e-04
3.381620625496783604e-04
3.380431062188538104e-04
3.379224370608255681e-04
3.377657105620609211e-04
3.376074514117754946e-04
3.374362709672539917e-04
3.372636913742719871e-04
3.370783461435729930e-04
3.368689137390480084e-04
3.366469153637260763e-04
3.364238267752951185e-04
3.361655725484099730e-04
3.359177685076891566e-04
3.356577263772135881e-04
3.353628473065801692e-04
3.350786115977459102e-04
3.347597563697278750e-04
3.344290531623638537e-04
3.340978857589801563e-04
3.337437317831531774e-04
3.333892615880192198e-04
3.330007316634170985e-04
3.326008005725727599e-04
3.322007951669071974e-04
3.317558386993400507e-04
3.313222178489021630e-04
3.308775299825756039e-04
3.303994602021201104e-04
3.299217204654625183e-04
3.294108292316219860e-04
3.289115980122702732e-04
3.283794224327078000e-04
3.278478817826959400e-04
3.272836243950120842e-04
3.267090410501200144e-04
3.261242120523758317e-04
3.255181166622123437e-04
3.248797756346533247e-04
3.242536422578261193e-04
3.235954484820519864e-04
3.229274440184945320e-04
3.222386516325632575e-04
3.215402089696677295e-04
3.208321850841951563e-04
3.201036341440630204e-04
3.193656607557124631e-04
3.186073399330394476e-04
3.178397543238694169e-04
3.170519997297071104e-04
3.162551369059055442e-04
3.154273316680204276e-04
3.145905948619769055e-04
3.137559227021015536e-04
3.128905930537722365e-04
3.120056439162597413e-04
3.111229685803302463e-04
3.102099391193867861e-04
3.092884377333309843e-04
3.083585295854567639e-04
3.074094237525254437e-04
3.064520617289934168e-04
3.054756730050620919e-04
3.044803530925051975e-04
3.034878253793301122e-04
3.024765149450506121e-04
3.014249298418955440e-04
3.003979242437307472e-04
2.993416049361974406e-04
2.982776212259664514e-04
2.972060355920172893e-04
2.961054271199355147e-04
2.950188447994893967e-04
2.939034046448549850e-04
2.927806513514989131e-04
2.916399457435828982e-04
2.905027601138882184e-04
2.893370845708869940e-04
2.881857202650154833e-04
2.870060279441309734e-04
2.858087783641725119e-04
2.846153404919873594e-04
2.834151144489713736e-04
2.821975407843725593e-04
2.809733180316531043e-04
2.797425052538565272e-04
2.785051613071258233e-04
2.772613448414202307e-04
2.760005392285416336e-04
2.747333585148176464e-04
2.734598214622933551e-04
2.721904851723485393e-04
2.708937531190385101e-04
2.696012590829273761e-04
2.683024832175966807e-04
2.669869455697748044e-04
2.656861599205000775e-04
2.643686493165691136e-04
2.630449305394260426e-04
2.617150218709693747e-04
2.603789415405916604e-04
2.590471466770033764e-04
2.576987676350834806e-04
2.563651097845703127e-04
2.550149039334089407e-04
2.536585971776552295e-04
2.523065972345649101e-04
2.509381326995136245e-04
2.495739911754633780e-04
2.482038007516671309e-04
2.468379298767439320e-04
2.454763670703794150e-04
2.440984385183621861e-04
2.427351554951368126e-04
2.413555421276375500e-04
2.399905513853666569e-04
2.386092655802415604e-04
2.372322967932426327e-04
2.358596336011797617e-04
2.344912646123145108e-04
2.331169246160147293e-04
2.317468753443642808e-04
2.303708708061477629e-04
2.289991535039214278e-04
2.276317121211639607e-04
2.262583294149254464e-04
2.248994155840232519e-04
2.235345570014143435e-04
2.221841257745261827e-04
2.208175785531166799e-04
2.194552779145658098e-04
2.180972126783322436e-04
2.167535111638378773e-04
2.154038738677129439e-04
2.140584386287517444e-04
2.127374167346076305e-04
2.114104354200771203e-04
2.100775119434271864e-04
2.087588247796556471e-04
2.074442376717373676e-04
2.061337115311342777e-04
2.048272074038174641e-04
2.035347320774171399e-04
2.022461826291005644e-04
2.009615205444844591e-04
1.996907251449386237e-04
1.984137134988759612e-04
1.971504736447779341e-04
1.958909499313842006e-04
1.946450852190215273e-04
1.934028426942940545e-04
1.921641848382764513e-04
1.909390273045263387e-04
1.897273052742579340e-04
1.885090847656528646e-04
1.873042073788399654e-04
1.861225252064533785e-04
1.849441322827906071e-04
1.837590940189062674e-04
1.825970684210094996e-04
1.814480847363145514e-04
1.803022088276666620e-04
1.791594047996772278e-04
1.780294895733167137e-04
1.769320876481581602e-04
1.758277437825534872e-04
1.747262753789321891e-04
1.736374638465981528e-04
1.725612471461049357e-04
1.714975634334751432e-04
1.704365614387299177e-04
1.693879872492656921e-04
1.683517795668196683e-04
1.673278772861624898e-04
1.663259733459969728e-04
1.653167454707098888e-04
1.643293946849992064e-04
1.633638339510432328e-04
1.623908216603211845e-04
1.614394793118465170e-04
1.604903194171611812e-04
1.595626923597729221e-04
1.586371464304396519e-04
1.577329970319324383e-04
1.568404934163622076e-04
1.559499202561074628e-04
1.550708929471378804e-04
1.542129919314487159e-04
1.533665024346379162e-04
1.525217449074701243e-04
1.517075257744878065e-04
1.508853189574467339e-04
1.500935003425943022e-04
1.493032005617886025e-04
1.485239664188945502e-04
1.477653101398300017e-04
1.470080277491466890e-04
1.462711924343150743e-04
1.455451785118660319e-04
1.448299297159089062e-04
1.441253899573591486e-04
1.434315033233691107e-04
1.427482140767615763e-04
1.420754666554647290e-04
1.414226973938696383e-04
1.407708590796350075e-04
1.401483462082158912e-04
1.395266544460570311e-04
1.389057547283101886e-04
1.383139652803713293e-04
1.377322996356488414e-04
1.371512716021929272e-04
1.365802762655051795e-04
1.360286749597981824e-04
1.354869820013702313e-04
1.349551439541250668e-04
1.344424973706640750e-04
1.339302010904839320e-04
1.334369734260910771e-04
1.329440072201776822e-04
1.324699874918407888e-04
1.320148366862302139e-04
1.315691379957904404e-04
1.311328393789350688e-04
1.306965661615873354e-04
1.302696060795331006e-04
1.298612136980128670e-04
1.294434191372333847e-04
1.290440895891651675e-04
1.286724303376787716e-04
1.283283408083037060e-04
1.279653970396277230e-04
1.276113922487492642e-04
1.272662760045590626e-04
1.269392380531294401e-04
1.266117400244189117e-04
1.262929802074161194e-04
1.259921242017012063e-04
1.256906873162539847e-04
1.253978633283829775e-04
1.251228173185354954e-04
1.248563163734701855e-04
1.245891602788377645e-04
1.243396807867105101e-04
1.240895113435952848e-04
1.238478010914584500e-04
1.236236667875448075e-04
1.233987907709500908e-04
1.231822980360862082e-04
1.229741634155637198e-04
1.227743618112887478e-04
1.225737663874650258e-04
1.223723762840734665e-04
1.221883621473509695e-04
1.220216750542837421e-04
1.218541267397810533e-04
1.216857164901309629e-04
1.215254973618063480e-04
1.213824905363251124e-04
1.212385719160535174e-04
1.210937408997383714e-04
1.209660407888537740e-04
1.208283813591442039e-04
1.207168102526121842e-04
1.206042611622176785e-04
1.204817433322894529e-04
1.203762272120133649e-04
1.202697159910813616e-04
1.201711759293396713e-04
1.200716242347132868e-04
1.199710605328006217e-04
1.198873707290336663e-04
1.198026368830020140e-04
1.196990036930999237e-04
1.196032767715795453e-04
1.195421680890260032e-04
1.194621592080533865e-04
1.193899856092423380e-04
1.193345123325425400e-04
1.192956926406258734e-04
1.192291144826819536e-04
1.191703087794183745e-04
1.191192521828340727e-04
1.190493716475010411e-04
1.190049243633786204e-04
1.189593373514322139e-04
1.189037836899537620e-04
1.188647438346753513e-04
1.187981173060842765e-04
1.187480079097777137e-04
1.187143884381999966e-04
1.186620774106826918e-04
1.186174820826577081e-04
1.185718247881162096e-04
1.184988267784653954e-04
1.184598818807079299e-04
1.184374162367650575e-04
1.183964307540716360e-04
1.183457245750738968e-04
1.183027943303224176e-04
1.182501948357189572e-04
1.182053923872024667e-04
1.181596771329610759e-04
1.181043692766059906e-04
1.180568897602785126e-04
1.180085511535838578e-04
1.179506959653230992e-04
1.179006999607688365e-04
1.178585583838434987e-04
1.177983078292941453e-04
1.177286559938873388e-04
1.176755566510657780e-04
1.176130908989968937e-04
1.175499215222319989e-04
1.174860658111556716e-04
1.174387576927785510e-04
1.173735661748019225e-04
1.172991462879572011e-04
1.172155372027712349e-04
1.171399356711411437e-04
1.170637650323558927e-04
1.169613496833446926e-04
1.168755565315736958e-04
1.167892593041747944e-04
1.166939324791857609e-04
1.165981494589553004e-04
1.164933991807336991e-04
1.163882402712647552e-04
1.162997151671907461e-04
1.161852678045013936e-04
1.160704753357747203e-04
1.159553539540387508e-04
1.158399197978548926e-04
1.157241889514915300e-04
1.156081774450964125e-04
1.154749765490978113e-04
1.153584660014653641e-04
1.152079307105759469e-04
1.150572362032948584e-04
1.149148337793652705e-04
1.147638671228962853e-04
1.146212142750611268e-04
1.144616353281430822e-04
1.143020009909526179e-04
1.141339311782972165e-04
1.139658557133112421e-04
1.137894085941438616e-04
1.136130052302388203e-04
1.134366631071595440e-04
1.132520372956801136e-04
1.130591663872208038e-04
1.128664370754099358e-04
1.126738665560303253e-04
1.124648037458843411e-04
1.122642891717677295e-04
1.120556786285701787e-04
1.118390101162263222e-04
1.116143215237440768e-04
1.113982486386265127e-04
1.111742031418331243e-04
1.109339376202833925e-04
1.107023446485045850e-04
1.104546065456351255e-04
1.102155738593920000e-04
1.099604705521939547e-04
1.097141052515782593e-04
1.094517434588064602e-04
1.091981519875051895e-04
1.089368672289494077e-04
1.086679259229820940e-04
1.083913647024085719e-04
1.081154288542286360e-04
1.078319322756733043e-04
1.075491063143079530e-04
1.072587784688596010e-04
1.069609848934019203e-04
1.066639360801437017e-04
1.063676474599374773e-04
1.060558128572507478e-04
1.057447964321384830e-04
1.054427605492361090e-04
1.051171386037193933e-04
1.048005410739265888e-04
1.044767090944383257e-04
1.041537979662701858e-04
1.038155961744194778e-04
1.034945849451697302e-04
1.031583397250537972e-04
1.028150066740995299e-04
1.024807830365315382e-04
1.021314127050080282e-04
1.017830840998248395e-04
1.014277336608877822e-04
1.010815027047674651e-04
1.007202156086076393e-04
1.003600069159376929e-04
9.999283973369783407e-05
9.963480173651676354e-05
9.926982336016628903e-05
9.888990761955679008e-05
9.851913475518900526e-05
9.814147506159762548e-05
9.776495013513480275e-05
9.738956224096676818e-05
9.700732745076401506e-05
9.662624739950876316e-05
9.623835131234029846e-05
9.585162754996427888e-05
9.545811845862099785e-05
9.507375240884264396e-05
9.467467177164239089e-05
9.427679827960007311e-05
9.388806760259273316e-05
9.348468104491917800e-05
9.308252091438473479e-05
9.268950323969337227e-05
9.228188804052629343e-05
9.188341932719876529e-05
9.147039613441859251e-05
9.107441136672593681e-05
9.065602050872073288e-05
9.025465899023757551e-05
8.984668419171518529e-05
8.943997953398209256e-05
8.903454691673187520e-05
8.862253900656748078e-05
8.821181977750071053e-05
8.781022744383237811e-05
8.739425475271870030e-05
8.698741263042747917e-05
8.657404940185374378e-05
8.616199680528953235e-05
8.575125662390715531e-05
8.534183063242149563e-05
8.493372059711860465e-05
8.451914303521852496e-05
8.411367653286492554e-05
8.370175868963749904e-05
8.329117423833204078e-05
8.287415394150668391e-05
8.247396584017489525e-05
8.206731881381073147e-05
8.166196124118342797e-05
8.125788166978412162e-05
8.085506868181595579e-05
8.044578885788064950e-05
8.005319695792716844e-05
7.965411555904575126e-05
7.924855219254648689e-05
7.885960528741827575e-05
7.846415395721238902e-05
7.806989024916631060e-05
7.768448126943345493e-05
7.729255318336516794e-05
7.690177939693704603e-05
7.651214886742996834e-05
7.612365058561938345e-05
7.573627357567587449e-05
7.535764790966197404e-05
7.498010930454446395e-05
7.460364690656667581e-05
7.422824989492439603e-05
7.385390748166824695e-05
7.348821910326078797e-05
7.311594751165661230e-05
7.275229627285833547e-05
7.238205277264641365e-05
7.202798177008961635e-05
7.165971777767646061e-05
7.130758070870628709e-05
7.094882139213582557e-05
7.059630179126355574e-05
7.025075420674610147e-05
6.990686928938817115e-05
6.956312626546165296e-05
6.922554621915531694e-05
6.888732832661893703e-05
6.855373338991843494e-05
6.822323837347081088e-05
6.789357383999416724e-05
6.756923372517467468e-05
6.724794687011425914e-05
6.692894833487013904e-05
6.661297337362843550e-05
6.630075488147575452e-05
6.599078037291218808e-05
6.568602466347348750e-05
6.538273472315028550e-05
6.508388207680929950e-05
6.478721017285457193e-05
6.449419273401118765e-05
6.420481057616419737e-05
6.391978807368597579e-05
6.363687563812620159e-05
6.335680012305583148e-05
6.308176951429478850e-05
6.280953793937392806e-05
6.254082885393408980e-05
6.227636340429222508e-05
6.201390296596747743e-05
6.175638748237563601e-05
6.150158020165377693e-05
6.125020189303925842e-05
6.100297102975415922e-05
6.075913092965062439e-05
6.051866315424996409e-05
6.028154931719840526e-05
6.004850576519658780e-05
5.981804427092095647e-05
5.959234890096142077e-05
5.936993211797644609e-05
5.915004344339893776e-05
5.893486186892875957e-05
5.872363470027792395e-05
5.851341976447112106e-05
5.830858458281987325e-05
5.810764716547027253e-05
5.791058796865541838e-05
5.771593088265180368e-05
5.752511539307782651e-05
5.733884927574310023e-05
5.715493171737688426e-05
5.697407289506419172e-05
5.679625530037235099e-05
5.662218634440636424e-05
5.645184690460237464e-05
5.628521791164987979e-05
5.612083403112861610e-05
5.596012489387138108e-05
5.580162754171950640e-05
5.564749088126107911e-05
5.549625262379715779e-05
5.534861603022754069e-05
5.520384263649736164e-05
5.506263467123001558e-05
5.492353627554654187e-05
5.478796840124316330e-05
5.465591254108642118e-05
